-0.000000003109452627	0.8090168617
0.009519531562	0.7811531128
0.009519531562	0.8368811364
0.01540283727	0.7639322645
0.01540283727	0.7983739611
0.01540283727	0.8196602881
0.01540283727	0.8541019847
0.02492237194	0.7360679898
0.02492237194	0.7917960134
0.02492237194	0.82623771
0.02492237194	0.8819662594
0.03080567764	0.7188471415
0.03080567764	0.7532888381
0.03080567764	0.7745751651
0.03080567764	0.8090168617
0.03080567764	0.8434590841
0.03080567764	0.8647448854
0.03080567764	0.8991871077
0.03444190661	0.7082037151
0.03444190661	0.7639322645
0.03444190661	0.8541019847
0.03444190661	0.9098300083
0.04396144128	0.6803399662
0.04396144128	0.7360679898
0.04396144128	0.7917960134
0.04396144128	0.82623771
0.04396144128	0.8819662594
0.04396144128	0.937694283
0.04984474698	0.6631191179
0.04984474698	0.6975608145
0.04984474698	0.7188471415
0.04984474698	0.7532888381
0.04984474698	0.7745751651
0.04984474698	0.8090168617
0.04984474698	0.8434590841
0.04984474698	0.8647448854
0.04984474698	0.8991871077
0.04984474698	0.9204734347
0.04984474698	0.9549151313
0.05572805269	0.6458982696
0.05572805269	0.7360679898
0.05572805269	0.7917960134
0.05572805269	0.82623771
0.05572805269	0.8819662594
0.05572805269	0.9721359796
0.05936428166	0.6909828668
0.05936428166	0.9270508566
0.06524758736	0.6180339949
0.06524758736	0.6524756915
0.06524758736	0.6737620185
0.06524758736	0.7082037151
0.06524758736	0.7639322645
0.06524758736	0.7983739611
0.06524758736	0.8196602881
0.06524758736	0.8541019847
0.06524758736	0.9098300083
0.06524758736	0.944271705
0.06524758736	0.965558032
0.06524758736	1.000000254
0.07113089306	0.6008131466
0.07113089306	0.6352548432
0.07113089306	0.6909828668
0.07113089306	0.7254250892
0.07113089306	0.7467108904
0.07113089306	0.7811531128
0.07113089306	0.8368811364
0.07113089306	0.871322833
0.07113089306	0.89260916
0.07113089306	0.9270508566
0.07113089306	0.9827788803
0.07113089306	1.017221103
0.08065042773	0.5729488719
0.08065042773	0.6631191179
0.08065042773	0.7188471415
0.08065042773	0.7532888381
0.08065042773	0.8090168617
0.08065042773	0.8647448854
0.08065042773	0.8991871077
0.08065042773	0.9549151313
0.08065042773	1.045084852
0.0842866567	0.6180339949
0.0842866567	0.6737620185
0.0842866567	0.7082037151
0.0842866567	0.7639322645
0.0842866567	0.8541019847
0.0842866567	0.9098300083
0.0842866567	0.944271705
0.0842866567	1.000000254
0.0842866567	1.055728278
0.08653373344	0.5557280236
0.08653373344	0.5901697202
0.08653373344	0.6458982696
0.08653373344	0.7360679898
0.08653373344	0.7917960134
0.08653373344	0.82623771
0.08653373344	0.8819662594
0.08653373344	0.9721359796
0.08653373344	1.027864003
0.09016996241	0.545085123
0.09016996241	0.6008131466
0.09016996241	0.6352548432
0.09016996241	0.6909828668
0.09016996241	0.7811531128
0.09016996241	0.8368811364
0.09016996241	0.9270508566
0.09016996241	0.9827788803
0.09016996241	1.017221103
0.09016996241	1.072949126
0.09968949708	0.5172208483
0.09968949708	0.5729488719
0.09968949708	0.6073910943
0.09968949708	0.6286768955
0.09968949708	0.6631191179
0.09968949708	0.7188471415
0.09968949708	0.7532888381
0.09968949708	0.8090168617
0.09968949708	0.8647448854
0.09968949708	0.8991871077
0.09968949708	0.9549151313
0.09968949708	0.9893568279
0.09968949708	1.010643155
0.09968949708	1.045084852
0.09968949708	1.100812875
0.1055728028	0.5
0.1055728028	0.5344416966
0.1055728028	0.5557280236
0.1055728028	0.5901697202
0.1055728028	0.6458982696
0.1055728028	0.6803399662
0.1055728028	0.7016262932
0.1055728028	0.7360679898
0.1055728028	0.7705096864
0.1055728028	0.7917960134
0.1055728028	0.82623771
0.1055728028	0.847524037
0.1055728028	0.8819662594
0.1055728028	0.916407956
0.1055728028	0.937694283
0.1055728028	0.9721359796
0.1055728028	1.027864003
0.1055728028	1.0623057
0.1055728028	1.083592027
0.1055728028	1.118034249
0.1114561085	0.5729488719
0.1114561085	0.8090168617
0.1150923375	0.4721357253
0.1150923375	0.5278642747
0.1150923375	0.6180339949
0.1150923375	0.6737620185
0.1150923375	0.7082037151
0.1150923375	0.7639322645
0.1150923375	0.8541019847
0.1150923375	0.9098300083
0.1150923375	0.944271705
0.1150923375	1.000000254
0.1150923375	1.055728278
0.1150923375	1.090169975
0.1150923375	1.145897998
0.1209756432	0.454914877
0.1209756432	0.4893570994
0.1209756432	0.5106429006
0.1209756432	0.545085123
0.1209756432	0.5795268196
0.1209756432	0.6008131466
0.1209756432	0.6352548432
0.1209756432	0.6565411702
0.1209756432	0.6909828668
0.1209756432	0.7254250892
0.1209756432	0.7467108904
0.1209756432	0.7811531128
0.1209756432	0.8368811364
0.1209756432	0.871322833
0.1209756432	0.89260916
0.1209756432	0.9270508566
0.1209756432	0.961493079
0.1209756432	0.9827788803
0.1209756432	1.017221103
0.1209756432	1.038506904
0.1209756432	1.072949126
0.1209756432	1.107390823
0.1209756432	1.12867715
0.1209756432	1.163118846
0.1268589489	0.4376940287
0.1268589489	0.4721357253
0.1268589489	0.5278642747
0.1268589489	0.5623059713
0.1268589489	0.6180339949
0.1268589489	0.6737620185
0.1268589489	0.7082037151
0.1268589489	0.7639322645
0.1268589489	0.7983739611
0.1268589489	0.8196602881
0.1268589489	0.8541019847
0.1268589489	0.9098300083
0.1268589489	0.944271705
0.1268589489	1.000000254
0.1268589489	1.055728278
0.1268589489	1.090169975
0.1268589489	1.145897998
0.1268589489	1.180339695
0.1363784835	0.4098302798
0.1363784835	0.5
0.1363784835	0.5901697202
0.1363784835	0.6458982696
0.1363784835	0.7360679898
0.1363784835	0.7917960134
0.1363784835	0.82623771
0.1363784835	0.8819662594
0.1363784835	0.9721359796
0.1363784835	1.027864003
0.1363784835	1.118034249
0.1363784835	1.208203969
0.1400147125	0.3991868534
0.1400147125	0.454914877
0.1400147125	0.4893570994
0.1400147125	0.5106429006
0.1400147125	0.545085123
0.1400147125	0.6008131466
0.1400147125	0.6352548432
0.1400147125	0.6565411702
0.1400147125	0.6909828668
0.1400147125	0.7254250892
0.1400147125	0.7467108904
0.1400147125	0.7811531128
0.1400147125	0.8368811364
0.1400147125	0.871322833
0.1400147125	0.89260916
0.1400147125	0.9270508566
0.1400147125	0.961493079
0.1400147125	0.9827788803
0.1400147125	1.017221103
0.1400147125	1.038506904
0.1400147125	1.072949126
0.1400147125	1.107390823
0.1400147125	1.12867715
0.1400147125	1.163118846
0.1400147125	1.21884687
0.1422617892	0.4270511281
0.1422617892	0.5729488719
0.1422617892	0.8090168617
0.1422617892	1.190983121
0.1458980182	0.3819660051
0.1458980182	0.4376940287
0.1458980182	0.4721357253
0.1458980182	0.5278642747
0.1458980182	0.5623059713
0.1458980182	0.6180339949
0.1458980182	0.6737620185
0.1458980182	0.7082037151
0.1458980182	0.7639322645
0.1458980182	0.8541019847
0.1458980182	0.9098300083
0.1458980182	0.944271705
0.1458980182	1.000000254
0.1458980182	1.055728278
0.1458980182	1.090169975
0.1458980182	1.145897998
0.1458980182	1.180339695
0.1458980182	1.236067718
0.1554175529	0.3541017304
0.1554175529	0.4098302798
0.1554175529	0.4442719764
0.1554175529	0.4655583034
0.1554175529	0.5
0.1554175529	0.5344416966
0.1554175529	0.5557280236
0.1554175529	0.5901697202
0.1554175529	0.6458982696
0.1554175529	0.6803399662
0.1554175529	0.7016262932
0.1554175529	0.7360679898
0.1554175529	0.7917960134
0.1554175529	0.82623771
0.1554175529	0.8819662594
0.1554175529	0.916407956
0.1554175529	0.937694283
0.1554175529	0.9721359796
0.1554175529	1.027864003
0.1554175529	1.0623057
0.1554175529	1.083592027
0.1554175529	1.118034249
0.1554175529	1.152475946
0.1554175529	1.173762273
0.1554175529	1.208203969
0.1554175529	1.263931993
0.1613008586	0.3368808821
0.1613008586	0.3713231045
0.1613008586	0.3926089057
0.1613008586	0.4270511281
0.1613008586	0.4827791517
0.1613008586	0.5172208483
0.1613008586	0.5729488719
0.1613008586	0.6073910943
0.1613008586	0.6286768955
0.1613008586	0.6631191179
0.1613008586	0.7188471415
0.1613008586	0.7532888381
0.1613008586	0.7745751651
0.1613008586	0.8090168617
0.1613008586	0.8434590841
0.1613008586	0.8647448854
0.1613008586	0.8991871077
0.1613008586	0.9549151313
0.1613008586	0.9893568279
0.1613008586	1.010643155
0.1613008586	1.045084852
0.1613008586	1.100812875
0.1613008586	1.135255098
0.1613008586	1.190983121
0.1613008586	1.225424818
0.1613008586	1.246711145
0.1613008586	1.281152841
0.1708203932	0.3090171332
0.1708203932	0.3647451568
0.1708203932	0.3991868534
0.1708203932	0.454914877
0.1708203932	0.545085123
0.1708203932	0.6008131466
0.1708203932	0.6352548432
0.1708203932	0.6909828668
0.1708203932	0.7467108904
0.1708203932	0.7811531128
0.1708203932	0.8368811364
0.1708203932	0.871322833
0.1708203932	0.9270508566
0.1708203932	0.9827788803
0.1708203932	1.017221103
0.1708203932	1.072949126
0.1708203932	1.163118846
0.1708203932	1.21884687
0.1708203932	1.253289092
0.1744566222	0.3541017304
0.1744566222	0.5
0.1744566222	0.6458982696
0.1744566222	0.7360679898
0.1744566222	0.8819662594
0.1744566222	0.9721359796
0.1744566222	1.027864003
0.1744566222	1.118034249
0.1744566222	1.263931993
0.176703699	0.3262379815
0.176703699	0.3819660051
0.176703699	0.4164077017
0.176703699	0.4376940287
0.176703699	0.4721357253
0.176703699	0.5278642747
0.176703699	0.5623059713
0.176703699	0.5835922983
0.176703699	0.6180339949
0.176703699	0.6737620185
0.176703699	0.7082037151
0.176703699	0.7639322645
0.176703699	0.7983739611
0.176703699	0.8196602881
0.176703699	0.8541019847
0.176703699	0.9098300083
0.176703699	0.944271705
0.176703699	1.000000254
0.176703699	1.055728278
0.176703699	1.090169975
0.176703699	1.145897998
0.176703699	1.180339695
0.176703699	1.201626022
0.176703699	1.236067718
0.176703699	1.291796268
0.1803399279	0.3368808821
0.1803399279	0.4270511281
0.1803399279	0.4827791517
0.1803399279	0.5172208483
0.1803399279	0.5729488719
0.1803399279	0.6631191179
0.1803399279	0.7188471415
0.1803399279	0.8090168617
0.1803399279	0.8991871077
0.1803399279	0.9549151313
0.1803399279	1.045084852
0.1803399279	1.100812875
0.1803399279	1.135255098
0.1803399279	1.190983121
0.1803399279	1.281152841
0.1898594626	0.3090171332
0.1898594626	0.3647451568
0.1898594626	0.3991868534
0.1898594626	0.454914877
0.1898594626	0.4893570994
0.1898594626	0.5106429006
0.1898594626	0.545085123
0.1898594626	0.6008131466
0.1898594626	0.6352548432
0.1898594626	0.6909828668
0.1898594626	0.7467108904
0.1898594626	0.7811531128
0.1898594626	0.8368811364
0.1898594626	0.871322833
0.1898594626	0.9270508566
0.1898594626	0.9827788803
0.1898594626	1.017221103
0.1898594626	1.072949126
0.1898594626	1.107390823
0.1898594626	1.12867715
0.1898594626	1.163118846
0.1898594626	1.21884687
0.1898594626	1.253289092
0.1957427683	0.2917962849
0.1957427683	0.3262379815
0.1957427683	0.3475243085
0.1957427683	0.3819660051
0.1957427683	0.4164077017
0.1957427683	0.4376940287
0.1957427683	0.4721357253
0.1957427683	0.5278642747
0.1957427683	0.5623059713
0.1957427683	0.5835922983
0.1957427683	0.6180339949
0.1957427683	0.6524756915
0.1957427683	0.6737620185
0.1957427683	0.7082037151
0.1957427683	0.7294900421
0.1957427683	0.7639322645
0.1957427683	0.7983739611
0.1957427683	0.8196602881
0.1957427683	0.8541019847
0.1957427683	0.8885436813
0.1957427683	0.9098300083
0.1957427683	0.944271705
0.1957427683	0.965558032
0.1957427683	1.000000254
0.1957427683	1.034441951
0.1957427683	1.055728278
0.1957427683	1.090169975
0.1957427683	1.145897998
0.1957427683	1.180339695
0.1957427683	1.201626022
0.1957427683	1.236067718
0.1957427683	1.270509941
0.201626074	0.3090171332
0.201626074	0.3991868534
0.201626074	0.454914877
0.201626074	0.545085123
0.201626074	0.6008131466
0.201626074	0.6909828668
0.201626074	0.7811531128
0.201626074	0.8368811364
0.201626074	0.9270508566
0.201626074	1.072949126
0.201626074	1.163118846
0.201626074	1.21884687
0.205262303	0.3541017304
0.205262303	0.5
0.205262303	0.6458982696
0.205262303	0.7360679898
0.205262303	0.8819662594
0.205262303	0.9721359796
0.205262303	1.027864003
0.205262303	1.118034249
0.205262303	1.263931993
0.2111456087	0.2811528585
0.2111456087	0.3368808821
0.2111456087	0.3713231045
0.2111456087	0.3926089057
0.2111456087	0.4270511281
0.2111456087	0.4614928247
0.2111456087	0.4827791517
0.2111456087	0.5172208483
0.2111456087	0.5385071753
0.2111456087	0.5729488719
0.2111456087	0.6073910943
0.2111456087	0.6286768955
0.2111456087	0.6631191179
0.2111456087	0.7188471415
0.2111456087	0.7532888381
0.2111456087	0.7745751651
0.2111456087	0.8090168617
0.2111456087	0.8434590841
0.2111456087	0.8647448854
0.2111456087	0.8991871077
0.2111456087	0.9549151313
0.2111456087	0.9893568279
0.2111456087	1.010643155
0.2111456087	1.045084852
0.2111456087	1.079527074
0.2111456087	1.100812875
0.2111456087	1.135255098
0.2111456087	1.156540899
0.2111456087	1.190983121
0.2111456087	1.225424818
0.2111456087	1.246711145
0.2170289144	0.2983737068
0.2170289144	0.3196600338
0.2170289144	0.3541017304
0.2170289144	0.4098302798
0.2170289144	0.4442719764
0.2170289144	0.5
0.2170289144	0.5557280236
0.2170289144	0.5901697202
0.2170289144	0.6458982696
0.2170289144	0.6803399662
0.2170289144	0.7016262932
0.2170289144	0.7360679898
0.2170289144	0.7917960134
0.2170289144	0.82623771
0.2170289144	0.8819662594
0.2170289144	0.916407956
0.2170289144	0.937694283
0.2170289144	0.9721359796
0.2170289144	1.027864003
0.2170289144	1.0623057
0.2170289144	1.118034249
0.2170289144	1.173762273
0.2170289144	1.208203969
0.2170289144	1.263931993
0.226548449	0.2917962849
0.226548449	0.3262379815
0.226548449	0.3819660051
0.226548449	0.4721357253
0.226548449	0.5278642747
0.226548449	0.6180339949
0.226548449	0.6737620185
0.226548449	0.7082037151
0.226548449	0.7639322645
0.226548449	0.8541019847
0.226548449	0.9098300083
0.226548449	0.944271705
0.226548449	1.000000254
0.226548449	1.090169975
0.226548449	1.145897998
0.226548449	1.236067718
0.230184678	0.2811528585
0.230184678	0.3368808821
0.230184678	0.3713231045
0.230184678	0.4270511281
0.230184678	0.4827791517
0.230184678	0.5172208483
0.230184678	0.5729488719
0.230184678	0.6286768955
0.230184678	0.6631191179
0.230184678	0.7188471415
0.230184678	0.7532888381
0.230184678	0.8090168617
0.230184678	0.8647448854
0.230184678	0.8991871077
0.230184678	0.9549151313
0.230184678	0.9893568279
0.230184678	1.010643155
0.230184678	1.045084852
0.230184678	1.100812875
0.230184678	1.135255098
0.230184678	1.190983121
0.230184678	1.246711145
0.2324317547	0.3090171332
0.2324317547	0.3991868534
0.2324317547	0.454914877
0.2324317547	0.545085123
0.2324317547	0.6008131466
0.2324317547	0.6909828668
0.2324317547	0.7811531128
0.2324317547	0.8368811364
0.2324317547	0.9270508566
0.2324317547	1.072949126
0.2324317547	1.163118846
0.2324317547	1.21884687
0.2360679837	0.2639320102
0.2360679837	0.3541017304
0.2360679837	0.4098302798
0.2360679837	0.4442719764
0.2360679837	0.5
0.2360679837	0.5557280236
0.2360679837	0.5901697202
0.2360679837	0.6458982696
0.2360679837	0.7360679898
0.2360679837	0.7917960134
0.2360679837	0.82623771
0.2360679837	0.8819662594
0.2360679837	0.9721359796
0.2360679837	1.027864003
0.2360679837	1.0623057
0.2360679837	1.118034249
0.2360679837	1.173762273
0.2360679837	1.208203969
0.2455875184	0.2917962849
0.2455875184	0.3262379815
0.2455875184	0.3819660051
0.2455875184	0.4164077017
0.2455875184	0.4376940287
0.2455875184	0.4721357253
0.2455875184	0.5278642747
0.2455875184	0.5623059713
0.2455875184	0.5835922983
0.2455875184	0.6180339949
0.2455875184	0.6737620185
0.2455875184	0.7082037151
0.2455875184	0.7639322645
0.2455875184	0.7983739611
0.2455875184	0.8196602881
0.2455875184	0.8541019847
0.2455875184	0.9098300083
0.2455875184	0.944271705
0.2455875184	1.000000254
0.2455875184	1.034441951
0.2455875184	1.055728278
0.2455875184	1.090169975
0.2455875184	1.145897998
0.2455875184	1.180339695
0.2455875184	1.201626022
0.2455875184	1.236067718
0.2514708241	0.2532891096
0.2514708241	0.2745749108
0.2514708241	0.3090171332
0.2514708241	0.3434588298
0.2514708241	0.3647451568
0.2514708241	0.3991868534
0.2514708241	0.454914877
0.2514708241	0.4893570994
0.2514708241	0.5106429006
0.2514708241	0.545085123
0.2514708241	0.6008131466
0.2514708241	0.6352548432
0.2514708241	0.6565411702
0.2514708241	0.6909828668
0.2514708241	0.7254250892
0.2514708241	0.7467108904
0.2514708241	0.7811531128
0.2514708241	0.8368811364
0.2514708241	0.871322833
0.2514708241	0.89260916
0.2514708241	0.9270508566
0.2514708241	0.961493079
0.2514708241	0.9827788803
0.2514708241	1.017221103
0.2514708241	1.072949126
0.2514708241	1.107390823
0.2514708241	1.12867715
0.2514708241	1.163118846
0.2514708241	1.21884687
0.2609903588	0.2467111619
0.2609903588	0.2811528585
0.2609903588	0.3368808821
0.2609903588	0.3713231045
0.2609903588	0.4270511281
0.2609903588	0.4827791517
0.2609903588	0.5172208483
0.2609903588	0.5729488719
0.2609903588	0.6286768955
0.2609903588	0.6631191179
0.2609903588	0.7188471415
0.2609903588	0.7532888381
0.2609903588	0.8090168617
0.2609903588	0.8647448854
0.2609903588	0.8991871077
0.2609903588	0.9549151313
0.2609903588	0.9893568279
0.2609903588	1.045084852
0.2609903588	1.100812875
0.2609903588	1.135255098
0.2609903588	1.190983121
0.2646265877	1.000000254
0.2668736645	0.2639320102
0.2668736645	0.2983737068
0.2668736645	0.3196600338
0.2668736645	0.3541017304
0.2668736645	0.3885439528
0.2668736645	0.4098302798
0.2668736645	0.4442719764
0.2668736645	0.4655583034
0.2668736645	0.5
0.2668736645	0.5344416966
0.2668736645	0.5557280236
0.2668736645	0.5901697202
0.2668736645	0.6114560472
0.2668736645	0.6458982696
0.2668736645	0.6803399662
0.2668736645	0.7016262932
0.2668736645	0.7360679898
0.2668736645	0.7705096864
0.2668736645	0.7917960134
0.2668736645	0.82623771
0.2668736645	0.847524037
0.2668736645	0.8819662594
0.2668736645	0.916407956
0.2668736645	0.937694283
0.2668736645	0.9721359796
0.2668736645	1.027864003
0.2668736645	1.0623057
0.2668736645	1.083592027
0.2668736645	1.118034249
0.2668736645	1.152475946
0.2668736645	1.173762273
0.2668736645	1.208203969
0.2668736645	1.229490296
0.2705098934	0.3090171332
0.2705098934	0.3991868534
0.2705098934	0.454914877
0.2705098934	0.545085123
0.2705098934	0.6008131466
0.2705098934	0.6909828668
0.2705098934	0.7811531128
0.2705098934	0.8368811364
0.2705098934	0.9270508566
0.2705098934	1.017221103
0.2705098934	1.072949126
0.2705098934	1.163118846
0.2705098934	1.21884687
0.2800294281	0.2467111619
0.2800294281	0.2811528585
0.2800294281	0.3368808821
0.2800294281	0.3713231045
0.2800294281	0.4270511281
0.2800294281	0.4827791517
0.2800294281	0.5172208483
0.2800294281	0.5729488719
0.2800294281	0.6286768955
0.2800294281	0.6631191179
0.2800294281	0.7188471415
0.2800294281	0.7532888381
0.2800294281	0.8090168617
0.2800294281	0.8647448854
0.2800294281	0.8991871077
0.2800294281	0.9549151313
0.2800294281	0.9893568279
0.2800294281	1.045084852
0.2800294281	1.100812875
0.2800294281	1.135255098
0.2800294281	1.190983121
0.2859127338	0.2294903136
0.2859127338	0.2639320102
0.2859127338	0.2983737068
0.2859127338	0.3196600338
0.2859127338	0.3541017304
0.2859127338	0.3885439528
0.2859127338	0.4098302798
0.2859127338	0.4442719764
0.2859127338	0.4655583034
0.2859127338	0.5
0.2859127338	0.5344416966
0.2859127338	0.5557280236
0.2859127338	0.5901697202
0.2859127338	0.6114560472
0.2859127338	0.6458982696
0.2859127338	0.6803399662
0.2859127338	0.7016262932
0.2859127338	0.7360679898
0.2859127338	0.7705096864
0.2859127338	0.7917960134
0.2859127338	0.82623771
0.2859127338	0.847524037
0.2859127338	0.8819662594
0.2859127338	0.916407956
0.2859127338	0.937694283
0.2859127338	0.9721359796
0.2859127338	1.006577676
0.2859127338	1.027864003
0.2859127338	1.0623057
0.2859127338	1.083592027
0.2859127338	1.118034249
0.2859127338	1.152475946
0.2859127338	1.173762273
0.2859127338	1.208203969
0.2917960395	0.2467111619
0.2917960395	0.2811528585
0.2917960395	0.3368808821
0.2917960395	0.3713231045
0.2917960395	0.4270511281
0.2917960395	0.4827791517
0.2917960395	0.5172208483
0.2917960395	0.5729488719
0.2917960395	0.6286768955
0.2917960395	0.6631191179
0.2917960395	0.7188471415
0.2917960395	0.7532888381
0.2917960395	0.8090168617
0.2917960395	0.8647448854
0.2917960395	0.8991871077
0.2917960395	0.9549151313
0.2917960395	1.045084852
0.2917960395	1.100812875
0.2917960395	1.135255098
0.2917960395	1.190983121
0.2954322685	1.000000254
0.3013155742	0.2188468872
0.3013155742	0.2532891096
0.3013155742	0.2745749108
0.3013155742	0.3090171332
0.3013155742	0.3434588298
0.3013155742	0.3647451568
0.3013155742	0.3991868534
0.3013155742	0.454914877
0.3013155742	0.4893570994
0.3013155742	0.5106429006
0.3013155742	0.545085123
0.3013155742	0.6008131466
0.3013155742	0.6352548432
0.3013155742	0.6565411702
0.3013155742	0.6909828668
0.3013155742	0.7254250892
0.3013155742	0.7467108904
0.3013155742	0.7811531128
0.3013155742	0.8368811364
0.3013155742	0.871322833
0.3013155742	0.89260916
0.3013155742	0.9270508566
0.3013155742	0.961493079
0.3013155742	0.9827788803
0.3013155742	1.017221103
0.3013155742	1.072949126
0.3013155742	1.107390823
0.3013155742	1.12867715
0.3013155742	1.163118846
0.3071988799	0.2360677355
0.3071988799	0.2917962849
0.3071988799	0.3262379815
0.3071988799	0.3819660051
0.3071988799	0.4164077017
0.3071988799	0.4376940287
0.3071988799	0.4721357253
0.3071988799	0.5278642747
0.3071988799	0.5623059713
0.3071988799	0.5835922983
0.3071988799	0.6180339949
0.3071988799	0.6737620185
0.3071988799	0.7082037151
0.3071988799	0.7639322645
0.3071988799	0.7983739611
0.3071988799	0.8196602881
0.3071988799	0.8541019847
0.3071988799	0.9098300083
0.3071988799	0.944271705
0.3071988799	1.000000254
0.3071988799	1.034441951
0.3071988799	1.055728278
0.3071988799	1.090169975
0.3071988799	1.145897998
0.3071988799	1.180339695
0.3071988799	1.201626022
0.3167184146	0.2082039866
0.3167184146	0.2639320102
0.3167184146	0.3541017304
0.3167184146	0.4098302798
0.3167184146	0.4442719764
0.3167184146	0.5
0.3167184146	0.5557280236
0.3167184146	0.5901697202
0.3167184146	0.6458982696
0.3167184146	0.7360679898
0.3167184146	0.7917960134
0.3167184146	0.82623771
0.3167184146	0.8819662594
0.3167184146	0.9721359796
0.3167184146	1.027864003
0.3167184146	1.0623057
0.3167184146	1.118034249
0.3167184146	1.173762273
0.3203546435	0.2188468872
0.3203546435	0.3090171332
0.3203546435	0.3991868534
0.3203546435	0.454914877
0.3203546435	0.545085123
0.3203546435	0.6008131466
0.3203546435	0.6909828668
0.3203546435	0.7811531128
0.3203546435	0.8368811364
0.3203546435	0.9270508566
0.3203546435	0.9827788803
0.3203546435	1.017221103
0.3203546435	1.072949126
0.3203546435	1.163118846
0.3226017203	0.2467111619
0.3226017203	0.2811528585
0.3226017203	0.3368808821
0.3226017203	0.3713231045
0.3226017203	0.4270511281
0.3226017203	0.4827791517
0.3226017203	0.5172208483
0.3226017203	0.5729488719
0.3226017203	0.6286768955
0.3226017203	0.6631191179
0.3226017203	0.7188471415
0.3226017203	0.7532888381
0.3226017203	0.8090168617
0.3226017203	0.8647448854
0.3226017203	0.8991871077
0.3226017203	0.9549151313
0.3226017203	1.045084852
0.3226017203	1.100812875
0.3226017203	1.135255098
0.3226017203	1.190983121
0.3262379492	0.2360677355
0.3262379492	0.2917962849
0.3262379492	0.3262379815
0.3262379492	0.3819660051
0.3262379492	0.4721357253
0.3262379492	0.5278642747
0.3262379492	0.6180339949
0.3262379492	0.6737620185
0.3262379492	0.7082037151
0.3262379492	0.7639322645
0.3262379492	0.8541019847
0.3262379492	0.9098300083
0.3262379492	0.944271705
0.3262379492	1.000000254
0.3262379492	1.090169975
0.3262379492	1.145897998
0.3357574839	0.2082039866
0.3357574839	0.2639320102
0.3357574839	0.2983737068
0.3357574839	0.3196600338
0.3357574839	0.3541017304
0.3357574839	0.4098302798
0.3357574839	0.4442719764
0.3357574839	0.5
0.3357574839	0.5557280236
0.3357574839	0.5901697202
0.3357574839	0.6458982696
0.3357574839	0.6803399662
0.3357574839	0.7016262932
0.3357574839	0.7360679898
0.3357574839	0.7917960134
0.3357574839	0.82623771
0.3357574839	0.8819662594
0.3357574839	0.916407956
0.3357574839	0.937694283
0.3357574839	0.9721359796
0.3357574839	1.027864003
0.3357574839	1.0623057
0.3357574839	1.118034249
0.3357574839	1.173762273
0.3416407896	0.1909831383
0.3416407896	0.2254248349
0.3416407896	0.2467111619
0.3416407896	0.2811528585
0.3416407896	0.3368808821
0.3416407896	0.3713231045
0.3416407896	0.3926089057
0.3416407896	0.4270511281
0.3416407896	0.4614928247
0.3416407896	0.4827791517
0.3416407896	0.5172208483
0.3416407896	0.5385071753
0.3416407896	0.5729488719
0.3416407896	0.6073910943
0.3416407896	0.6286768955
0.3416407896	0.6631191179
0.3416407896	0.7188471415
0.3416407896	0.7532888381
0.3416407896	0.7745751651
0.3416407896	0.8090168617
0.3416407896	0.8434590841
0.3416407896	0.8647448854
0.3416407896	0.8991871077
0.3416407896	0.9549151313
0.3416407896	0.9893568279
0.3416407896	1.010643155
0.3416407896	1.045084852
0.3416407896	1.079527074
0.3416407896	1.100812875
0.3416407896	1.135255098
0.3416407896	1.156540899
0.3475240953	0.2639320102
0.3475240953	0.3541017304
0.3475240953	0.5
0.3475240953	0.6458982696
0.3475240953	0.7360679898
0.3475240953	0.8819662594
0.3475240953	1.118034249
0.3511603243	0.2188468872
0.3511603243	0.3090171332
0.3511603243	0.3991868534
0.3511603243	0.454914877
0.3511603243	0.545085123
0.3511603243	0.6008131466
0.3511603243	0.6909828668
0.3511603243	0.7811531128
0.3511603243	0.8368811364
0.3511603243	0.9270508566
0.3511603243	0.9827788803
0.3511603243	1.017221103
0.3511603243	1.072949126
0.3511603243	1.163118846
0.35704363	0.1803397119
0.35704363	0.2016260389
0.35704363	0.2360677355
0.35704363	0.2705099579
0.35704363	0.2917962849
0.35704363	0.3262379815
0.35704363	0.3475243085
0.35704363	0.3819660051
0.35704363	0.4164077017
0.35704363	0.4376940287
0.35704363	0.4721357253
0.35704363	0.5278642747
0.35704363	0.5623059713
0.35704363	0.5835922983
0.35704363	0.6180339949
0.35704363	0.6524756915
0.35704363	0.6737620185
0.35704363	0.7082037151
0.35704363	0.7294900421
0.35704363	0.7639322645
0.35704363	0.7983739611
0.35704363	0.8196602881
0.35704363	0.8541019847
0.35704363	0.8885436813
0.35704363	0.9098300083
0.35704363	0.944271705
0.35704363	0.965558032
0.35704363	1.000000254
0.35704363	1.034441951
0.35704363	1.055728278
0.35704363	1.090169975
0.35704363	1.145897998
0.3629269357	0.2188468872
0.3629269357	0.2532891096
0.3629269357	0.3090171332
0.3629269357	0.3647451568
0.3629269357	0.3991868534
0.3629269357	0.454914877
0.3629269357	0.4893570994
0.3629269357	0.5106429006
0.3629269357	0.545085123
0.3629269357	0.6008131466
0.3629269357	0.6352548432
0.3629269357	0.6909828668
0.3629269357	0.7467108904
0.3629269357	0.7811531128
0.3629269357	0.8368811364
0.3629269357	0.871322833
0.3629269357	0.9270508566
0.3629269357	0.9827788803
0.3629269357	1.017221103
0.3629269357	1.072949126
0.3629269357	1.107390823
0.3629269357	1.12867715
0.3629269357	1.163118846
0.3724464704	0.1909831383
0.3724464704	0.2811528585
0.3724464704	0.3368808821
0.3724464704	0.4270511281
0.3724464704	0.4827791517
0.3724464704	0.5172208483
0.3724464704	0.5729488719
0.3724464704	0.6631191179
0.3724464704	0.7188471415
0.3724464704	0.8090168617
0.3724464704	0.8991871077
0.3724464704	0.9549151313
0.3724464704	1.045084852
0.3724464704	1.100812875
0.3724464704	1.135255098
0.3760826993	0.1803397119
0.3760826993	0.2016260389
0.3760826993	0.2360677355
0.3760826993	0.2917962849
0.3760826993	0.3262379815
0.3760826993	0.3819660051
0.3760826993	0.4164077017
0.3760826993	0.4376940287
0.3760826993	0.4721357253
0.3760826993	0.5278642747
0.3760826993	0.5623059713
0.3760826993	0.5835922983
0.3760826993	0.6180339949
0.3760826993	0.6737620185
0.3760826993	0.7082037151
0.3760826993	0.7639322645
0.3760826993	0.7983739611
0.3760826993	0.8196602881
0.3760826993	0.8541019847
0.3760826993	0.9098300083
0.3760826993	0.944271705
0.3760826993	0.965558032
0.3760826993	1.000000254
0.3760826993	1.034441951
0.3760826993	1.055728278
0.3760826993	1.090169975
0.3760826993	1.145897998
0.3783297761	0.2639320102
0.3783297761	0.3541017304
0.3783297761	0.5
0.3783297761	0.6458982696
0.3783297761	0.7360679898
0.3783297761	0.8819662594
0.3783297761	1.118034249
0.381966005	0.1631188636
0.381966005	0.2188468872
0.381966005	0.2532891096
0.381966005	0.3090171332
0.381966005	0.3647451568
0.381966005	0.3991868534
0.381966005	0.454914877
0.381966005	0.545085123
0.381966005	0.6008131466
0.381966005	0.6352548432
0.381966005	0.6909828668
0.381966005	0.7467108904
0.381966005	0.7811531128
0.381966005	0.8368811364
0.381966005	0.871322833
0.381966005	0.9270508566
0.381966005	0.9827788803
0.381966005	1.017221103
0.381966005	1.072949126
0.3914855397	0.1565409159
0.3914855397	0.1909831383
0.3914855397	0.2254248349
0.3914855397	0.2467111619
0.3914855397	0.2811528585
0.3914855397	0.3368808821
0.3914855397	0.3713231045
0.3914855397	0.3926089057
0.3914855397	0.4270511281
0.3914855397	0.4827791517
0.3914855397	0.5172208483
0.3914855397	0.5729488719
0.3914855397	0.6073910943
0.3914855397	0.6286768955
0.3914855397	0.6631191179
0.3914855397	0.7188471415
0.3914855397	0.7532888381
0.3914855397	0.7745751651
0.3914855397	0.8090168617
0.3914855397	0.8434590841
0.3914855397	0.8647448854
0.3914855397	0.8991871077
0.3914855397	0.9549151313
0.3914855397	0.9893568279
0.3914855397	1.010643155
0.3914855397	1.045084852
0.3914855397	1.100812875
0.3914855397	1.135255098
0.3973688454	0.17376229
0.3973688454	0.2082039866
0.3973688454	0.2639320102
0.3973688454	0.2983737068
0.3973688454	0.3196600338
0.3973688454	0.3541017304
0.3973688454	0.4098302798
0.3973688454	0.4442719764
0.3973688454	0.4655583034
0.3973688454	0.5
0.3973688454	0.5344416966
0.3973688454	0.5557280236
0.3973688454	0.5901697202
0.3973688454	0.6458982696
0.3973688454	0.6803399662
0.3973688454	0.7016262932
0.3973688454	0.7360679898
0.3973688454	0.7917960134
0.3973688454	0.82623771
0.3973688454	0.8819662594
0.3973688454	0.916407956
0.3973688454	0.937694283
0.3973688454	0.9721359796
0.3973688454	1.027864003
0.3973688454	1.0623057
0.3973688454	1.083592027
0.3973688454	1.118034249
0.4068883801	0.1458980153
0.4068883801	0.2360677355
0.4068883801	0.2917962849
0.4068883801	0.3262379815
0.4068883801	0.3819660051
0.4068883801	0.4376940287
0.4068883801	0.4721357253
0.4068883801	0.5278642747
0.4068883801	0.5623059713
0.4068883801	0.6180339949
0.4068883801	0.6737620185
0.4068883801	0.7082037151
0.4068883801	0.7639322645
0.4068883801	0.8541019847
0.4068883801	0.9098300083
0.4068883801	0.944271705
0.4068883801	1.000000254
0.4068883801	1.055728278
0.4068883801	1.090169975
0.410524609	0.1909831383
0.410524609	0.4270511281
0.410524609	0.5729488719
0.410524609	0.8090168617
0.410524609	0.9549151313
0.410524609	1.045084852
0.4127716858	0.1631188636
0.4127716858	0.2188468872
0.4127716858	0.2532891096
0.4127716858	0.2745749108
0.4127716858	0.3090171332
0.4127716858	0.3434588298
0.4127716858	0.3647451568
0.4127716858	0.3991868534
0.4127716858	0.454914877
0.4127716858	0.4893570994
0.4127716858	0.5106429006
0.4127716858	0.545085123
0.4127716858	0.6008131466
0.4127716858	0.6352548432
0.4127716858	0.6565411702
0.4127716858	0.6909828668
0.4127716858	0.7254250892
0.4127716858	0.7467108904
0.4127716858	0.7811531128
0.4127716858	0.8368811364
0.4127716858	0.871322833
0.4127716858	0.89260916
0.4127716858	0.9270508566
0.4127716858	0.9827788803
0.4127716858	1.017221103
0.4127716858	1.072949126
0.4127716858	1.107390823
0.4127716858	1.12867715
0.4164079147	0.17376229
0.4164079147	0.2082039866
0.4164079147	0.2639320102
0.4164079147	0.3541017304
0.4164079147	0.4098302798
0.4164079147	0.5
0.4164079147	0.5901697202
0.4164079147	0.6458982696
0.4164079147	0.7360679898
0.4164079147	0.7917960134
0.4164079147	0.82623771
0.4164079147	0.8819662594
0.4164079147	0.9721359796
0.4164079147	1.027864003
0.4164079147	1.118034249
0.4259274494	0.1458980153
0.4259274494	0.1803397119
0.4259274494	0.2016260389
0.4259274494	0.2360677355
0.4259274494	0.2917962849
0.4259274494	0.3262379815
0.4259274494	0.3819660051
0.4259274494	0.4376940287
0.4259274494	0.4721357253
0.4259274494	0.5278642747
0.4259274494	0.5623059713
0.4259274494	0.6180339949
0.4259274494	0.6737620185
0.4259274494	0.7082037151
0.4259274494	0.7639322645
0.4259274494	0.7983739611
0.4259274494	0.8196602881
0.4259274494	0.8541019847
0.4259274494	0.9098300083
0.4259274494	0.944271705
0.4259274494	1.000000254
0.4259274494	1.055728278
0.4259274494	1.090169975
0.4318107551	0.128677167
0.4318107551	0.1631188636
0.4318107551	0.2188468872
0.4318107551	0.2532891096
0.4318107551	0.2745749108
0.4318107551	0.3090171332
0.4318107551	0.3434588298
0.4318107551	0.3647451568
0.4318107551	0.3991868534
0.4318107551	0.4204731804
0.4318107551	0.454914877
0.4318107551	0.4893570994
0.4318107551	0.5106429006
0.4318107551	0.545085123
0.4318107551	0.5795268196
0.4318107551	0.6008131466
0.4318107551	0.6352548432
0.4318107551	0.6565411702
0.4318107551	0.6909828668
0.4318107551	0.7254250892
0.4318107551	0.7467108904
0.4318107551	0.7811531128
0.4318107551	0.8368811364
0.4318107551	0.871322833
0.4318107551	0.89260916
0.4318107551	0.9270508566
0.4318107551	0.961493079
0.4318107551	0.9827788803
0.4318107551	1.017221103
0.4318107551	1.038506904
0.4318107551	1.072949126
0.4318107551	1.107390823
0.4376940608	0.1458980153
0.4376940608	0.2360677355
0.4376940608	0.2917962849
0.4376940608	0.3262379815
0.4376940608	0.3819660051
0.4376940608	0.4721357253
0.4376940608	0.5278642747
0.4376940608	0.6180339949
0.4376940608	0.6737620185
0.4376940608	0.7082037151
0.4376940608	0.7639322645
0.4376940608	0.8541019847
0.4376940608	0.9098300083
0.4376940608	1.000000254
0.4376940608	1.090169975
0.4413302898	0.1909831383
0.4413302898	0.4270511281
0.4413302898	0.5729488719
0.4413302898	0.8090168617
0.4413302898	0.9549151313
0.4413302898	1.045084852
0.4472135955	0.1180337406
0.4472135955	0.152475963
0.4472135955	0.17376229
0.4472135955	0.2082039866
0.4472135955	0.2294903136
0.4472135955	0.2639320102
0.4472135955	0.2983737068
0.4472135955	0.3196600338
0.4472135955	0.3541017304
0.4472135955	0.4098302798
0.4472135955	0.4442719764
0.4472135955	0.4655583034
0.4472135955	0.5
0.4472135955	0.5344416966
0.4472135955	0.5557280236
0.4472135955	0.5901697202
0.4472135955	0.6458982696
0.4472135955	0.6803399662
0.4472135955	0.7016262932
0.4472135955	0.7360679898
0.4472135955	0.7705096864
0.4472135955	0.7917960134
0.4472135955	0.82623771
0.4472135955	0.847524037
0.4472135955	0.8819662594
0.4472135955	0.916407956
0.4472135955	0.937694283
0.4472135955	0.9721359796
0.4472135955	1.027864003
0.4472135955	1.0623057
0.4472135955	1.083592027
0.4530969012	0.1352551146
0.4530969012	0.1909831383
0.4530969012	0.2467111619
0.4530969012	0.2811528585
0.4530969012	0.3368808821
0.4530969012	0.3713231045
0.4530969012	0.3926089057
0.4530969012	0.4270511281
0.4530969012	0.4827791517
0.4530969012	0.5172208483
0.4530969012	0.5729488719
0.4530969012	0.6073910943
0.4530969012	0.6286768955
0.4530969012	0.6631191179
0.4530969012	0.7188471415
0.4530969012	0.7532888381
0.4530969012	0.8090168617
0.4530969012	0.8647448854
0.4530969012	0.8991871077
0.4530969012	0.9549151313
0.4530969012	0.9893568279
0.4530969012	1.010643155
0.4530969012	1.045084852
0.4530969012	1.100812875
0.4626164359	0.1631188636
0.4626164359	0.2188468872
0.4626164359	0.3090171332
0.4626164359	0.3647451568
0.4626164359	0.3991868534
0.4626164359	0.454914877
0.4626164359	0.545085123
0.4626164359	0.6008131466
0.4626164359	0.6352548432
0.4626164359	0.6909828668
0.4626164359	0.7811531128
0.4626164359	0.8368811364
0.4626164359	0.9270508566
0.4626164359	0.9827788803
0.4626164359	1.017221103
0.4626164359	1.072949126
0.4662526648	0.1180337406
0.4662526648	0.17376229
0.4662526648	0.2082039866
0.4662526648	0.2639320102
0.4662526648	0.3541017304
0.4662526648	0.4098302798
0.4662526648	0.4442719764
0.4662526648	0.5
0.4662526648	0.5557280236
0.4662526648	0.5901697202
0.4662526648	0.6458982696
0.4662526648	0.7360679898
0.4662526648	0.7917960134
0.4662526648	0.82623771
0.4662526648	0.8819662594
0.4662526648	0.937694283
0.4662526648	0.9721359796
0.4662526648	1.027864003
0.4662526648	1.0623057
0.4684997416	0.1458980153
0.4684997416	0.2360677355
0.4684997416	0.2917962849
0.4684997416	0.3262379815
0.4684997416	0.3819660051
0.4684997416	0.4721357253
0.4684997416	0.5278642747
0.4684997416	0.6180339949
0.4684997416	0.6737620185
0.4684997416	0.7082037151
0.4684997416	0.7639322645
0.4684997416	0.8541019847
0.4684997416	0.9098300083
0.4684997416	1.000000254
0.4684997416	1.090169975
0.4721359705	0.1008128923
0.4721359705	0.1352551146
0.4721359705	0.1909831383
0.4721359705	0.2467111619
0.4721359705	0.2811528585
0.4721359705	0.3368808821
0.4721359705	0.4270511281
0.4721359705	0.4827791517
0.4721359705	0.5172208483
0.4721359705	0.5729488719
0.4721359705	0.6631191179
0.4721359705	0.7188471415
0.4721359705	0.7532888381
0.4721359705	0.8090168617
0.4721359705	0.8647448854
0.4721359705	0.8991871077
0.4721359705	0.9549151313
0.4721359705	1.045084852
0.4816555052	0.10739084
0.4816555052	0.128677167
0.4816555052	0.1631188636
0.4816555052	0.2188468872
0.4816555052	0.2532891096
0.4816555052	0.2745749108
0.4816555052	0.3090171332
0.4816555052	0.3647451568
0.4816555052	0.3991868534
0.4816555052	0.454914877
0.4816555052	0.4893570994
0.4816555052	0.5106429006
0.4816555052	0.545085123
0.4816555052	0.6008131466
0.4816555052	0.6352548432
0.4816555052	0.6909828668
0.4816555052	0.7254250892
0.4816555052	0.7467108904
0.4816555052	0.7811531128
0.4816555052	0.8368811364
0.4816555052	0.871322833
0.4816555052	0.89260916
0.4816555052	0.9270508566
0.4816555052	0.9827788803
0.4816555052	1.017221103
0.4816555052	1.072949126
0.4875388109	0.09016999167
0.4875388109	0.1458980153
0.4875388109	0.1803397119
0.4875388109	0.2016260389
0.4875388109	0.2360677355
0.4875388109	0.2917962849
0.4875388109	0.3262379815
0.4875388109	0.3475243085
0.4875388109	0.3819660051
0.4875388109	0.4164077017
0.4875388109	0.4376940287
0.4875388109	0.4721357253
0.4875388109	0.5278642747
0.4875388109	0.5623059713
0.4875388109	0.5835922983
0.4875388109	0.6180339949
0.4875388109	0.6524756915
0.4875388109	0.6737620185
0.4875388109	0.7082037151
0.4875388109	0.7639322645
0.4875388109	0.7983739611
0.4875388109	0.8196602881
0.4875388109	0.8541019847
0.4875388109	0.9098300083
0.4875388109	0.944271705
0.4875388109	0.965558032
0.4875388109	1.000000254
0.4875388109	1.034441951
0.4875388109	1.055728278
0.4934221166	0.3090171332
0.4934221166	0.6909828668
0.4970583456	0.1180337406
0.4970583456	0.17376229
0.4970583456	0.2082039866
0.4970583456	0.2639320102
0.4970583456	0.3541017304
0.4970583456	0.4098302798
0.4970583456	0.4442719764
0.4970583456	0.5
0.4970583456	0.5557280236
0.4970583456	0.5901697202
0.4970583456	0.6458982696
0.4970583456	0.7360679898
0.4970583456	0.7917960134
0.4970583456	0.82623771
0.4970583456	0.8819662594
0.4970583456	0.937694283
0.4970583456	0.9721359796
0.4970583456	1.027864003
0.4970583456	1.0623057
0.5029416513	0.0795265653
0.5029416513	0.1008128923
0.5029416513	0.1352551146
0.5029416513	0.1565409159
0.5029416513	0.1909831383
0.5029416513	0.2254248349
0.5029416513	0.2467111619
0.5029416513	0.2811528585
0.5029416513	0.3024391855
0.5029416513	0.3368808821
0.5029416513	0.3713231045
0.5029416513	0.3926089057
0.5029416513	0.4270511281
0.5029416513	0.4614928247
0.5029416513	0.4827791517
0.5029416513	0.5172208483
0.5029416513	0.5385071753
0.5029416513	0.5729488719
0.5029416513	0.6073910943
0.5029416513	0.6286768955
0.5029416513	0.6631191179
0.5029416513	0.6975608145
0.5029416513	0.7188471415
0.5029416513	0.7532888381
0.5029416513	0.7745751651
0.5029416513	0.8090168617
0.5029416513	0.8434590841
0.5029416513	0.8647448854
0.5029416513	0.8991871077
0.5029416513	0.9204734347
0.5029416513	0.9549151313
0.5029416513	0.9893568279
0.5029416513	1.010643155
0.5029416513	1.045084852
0.508824957	0.1180337406
0.508824957	0.17376229
0.508824957	0.2082039866
0.508824957	0.2639320102
0.508824957	0.3196600338
0.508824957	0.3541017304
0.508824957	0.4098302798
0.508824957	0.4442719764
0.508824957	0.5
0.508824957	0.5557280236
0.508824957	0.5901697202
0.508824957	0.6458982696
0.508824957	0.6803399662
0.508824957	0.7360679898
0.508824957	0.7917960134
0.508824957	0.82623771
0.508824957	0.8819662594
0.508824957	0.937694283
0.508824957	0.9721359796
0.508824957	1.027864003
0.508824957	1.0623057
0.5183444917	0.09016999167
0.5183444917	0.1458980153
0.5183444917	0.2360677355
0.5183444917	0.2917962849
0.5183444917	0.3819660051
0.5183444917	0.4721357253
0.5183444917	0.5278642747
0.5183444917	0.6180339949
0.5183444917	0.7082037151
0.5183444917	0.7639322645
0.5183444917	0.8541019847
0.5183444917	0.9098300083
0.5183444917	1.000000254
0.5219807206	0.0795265653
0.5219807206	0.1008128923
0.5219807206	0.1352551146
0.5219807206	0.1565409159
0.5219807206	0.1909831383
0.5219807206	0.2254248349
0.5219807206	0.2467111619
0.5219807206	0.2811528585
0.5219807206	0.3368808821
0.5219807206	0.3713231045
0.5219807206	0.3926089057
0.5219807206	0.4270511281
0.5219807206	0.4614928247
0.5219807206	0.4827791517
0.5219807206	0.5172208483
0.5219807206	0.5385071753
0.5219807206	0.5729488719
0.5219807206	0.6073910943
0.5219807206	0.6286768955
0.5219807206	0.6631191179
0.5219807206	0.7188471415
0.5219807206	0.7532888381
0.5219807206	0.7745751651
0.5219807206	0.8090168617
0.5219807206	0.8434590841
0.5219807206	0.8647448854
0.5219807206	0.8991871077
0.5219807206	0.9204734347
0.5219807206	0.9549151313
0.5219807206	0.9893568279
0.5219807206	1.010643155
0.5219807206	1.045084852
0.5242277974	0.3090171332
0.5242277974	0.6909828668
0.5278640263	0.06230571699
0.5278640263	0.1180337406
0.5278640263	0.17376229
0.5278640263	0.2082039866
0.5278640263	0.2639320102
0.5278640263	0.3196600338
0.5278640263	0.3541017304
0.5278640263	0.4098302798
0.5278640263	0.4442719764
0.5278640263	0.5
0.5278640263	0.5557280236
0.5278640263	0.5901697202
0.5278640263	0.6458982696
0.5278640263	0.6803399662
0.5278640263	0.7360679898
0.5278640263	0.7917960134
0.5278640263	0.82623771
0.5278640263	0.8819662594
0.5278640263	0.937694283
0.5278640263	0.9721359796
0.5278640263	1.027864003
0.537383561	0.05572829505
0.537383561	0.09016999167
0.537383561	0.1458980153
0.537383561	0.1803397119
0.537383561	0.2016260389
0.537383561	0.2360677355
0.537383561	0.2917962849
0.537383561	0.3262379815
0.537383561	0.3475243085
0.537383561	0.3819660051
0.537383561	0.4164077017
0.537383561	0.4376940287
0.537383561	0.4721357253
0.537383561	0.5278642747
0.537383561	0.5623059713
0.537383561	0.5835922983
0.537383561	0.6180339949
0.537383561	0.6524756915
0.537383561	0.6737620185
0.537383561	0.7082037151
0.537383561	0.7639322645
0.537383561	0.7983739611
0.537383561	0.8196602881
0.537383561	0.8541019847
0.537383561	0.9098300083
0.537383561	0.944271705
0.537383561	0.965558032
0.537383561	1.000000254
0.537383561	1.034441951
0.5432668667	0.07294914336
0.5432668667	0.10739084
0.5432668667	0.128677167
0.5432668667	0.1631188636
0.5432668667	0.2188468872
0.5432668667	0.2532891096
0.5432668667	0.2745749108
0.5432668667	0.3090171332
0.5432668667	0.3647451568
0.5432668667	0.3991868534
0.5432668667	0.454914877
0.5432668667	0.4893570994
0.5432668667	0.5106429006
0.5432668667	0.545085123
0.5432668667	0.6008131466
0.5432668667	0.6352548432
0.5432668667	0.6909828668
0.5432668667	0.7254250892
0.5432668667	0.7467108904
0.5432668667	0.7811531128
0.5432668667	0.8368811364
0.5432668667	0.871322833
0.5432668667	0.89260916
0.5432668667	0.9270508566
0.5432668667	0.9827788803
0.5432668667	1.017221103
0.5527864014	0.04508486868
0.5527864014	0.1008128923
0.5527864014	0.1352551146
0.5527864014	0.1909831383
0.5527864014	0.2467111619
0.5527864014	0.2811528585
0.5527864014	0.3368808821
0.5527864014	0.4270511281
0.5527864014	0.4827791517
0.5527864014	0.5172208483
0.5527864014	0.5729488719
0.5527864014	0.6631191179
0.5527864014	0.7188471415
0.5527864014	0.7532888381
0.5527864014	0.8090168617
0.5527864014	0.8647448854
0.5527864014	0.8991871077
0.5527864014	0.9549151313
0.5564226304	0.09016999167
0.5564226304	0.1458980153
0.5564226304	0.2360677355
0.5564226304	0.3819660051
0.5564226304	0.4721357253
0.5564226304	0.5278642747
0.5564226304	0.6180339949
0.5564226304	0.7639322645
0.5564226304	0.8541019847
0.5564226304	0.9098300083
0.5564226304	1.000000254
0.5586697071	0.06230571699
0.5586697071	0.1180337406
0.5586697071	0.17376229
0.5586697071	0.2082039866
0.5586697071	0.2639320102
0.5586697071	0.2983737068
0.5586697071	0.3196600338
0.5586697071	0.3541017304
0.5586697071	0.4098302798
0.5586697071	0.4442719764
0.5586697071	0.5
0.5586697071	0.5557280236
0.5586697071	0.5901697202
0.5586697071	0.6458982696
0.5586697071	0.6803399662
0.5586697071	0.7016262932
0.5586697071	0.7360679898
0.5586697071	0.7917960134
0.5586697071	0.82623771
0.5586697071	0.8819662594
0.5586697071	0.937694283
0.5586697071	0.9721359796
0.5586697071	1.027864003
0.5623059361	0.07294914336
0.5623059361	0.1631188636
0.5623059361	0.2188468872
0.5623059361	0.3090171332
0.5623059361	0.3647451568
0.5623059361	0.3991868534
0.5623059361	0.454914877
0.5623059361	0.545085123
0.5623059361	0.6008131466
0.5623059361	0.6352548432
0.5623059361	0.6909828668
0.5623059361	0.7811531128
0.5623059361	0.8368811364
0.5623059361	0.9270508566
0.5623059361	0.9827788803
0.5623059361	1.017221103
0.5718254707	0.04508486868
0.5718254707	0.1008128923
0.5718254707	0.1352551146
0.5718254707	0.1909831383
0.5718254707	0.2467111619
0.5718254707	0.2811528585
0.5718254707	0.3368808821
0.5718254707	0.3713231045
0.5718254707	0.3926089057
0.5718254707	0.4270511281
0.5718254707	0.4827791517
0.5718254707	0.5172208483
0.5718254707	0.5729488719
0.5718254707	0.6073910943
0.5718254707	0.6286768955
0.5718254707	0.6631191179
0.5718254707	0.7188471415
0.5718254707	0.7532888381
0.5718254707	0.8090168617
0.5718254707	0.8647448854
0.5718254707	0.8991871077
0.5718254707	0.9549151313
0.5718254707	0.9893568279
0.5718254707	1.010643155
0.5777087764	0.02786402037
0.5777087764	0.06230571699
0.5777087764	0.08359204399
0.5777087764	0.1180337406
0.5777087764	0.152475963
0.5777087764	0.17376229
0.5777087764	0.2082039866
0.5777087764	0.2294903136
0.5777087764	0.2639320102
0.5777087764	0.2983737068
0.5777087764	0.3196600338
0.5777087764	0.3541017304
0.5777087764	0.4098302798
0.5777087764	0.4442719764
0.5777087764	0.4655583034
0.5777087764	0.5
0.5777087764	0.5344416966
0.5777087764	0.5557280236
0.5777087764	0.5901697202
0.5777087764	0.6458982696
0.5777087764	0.6803399662
0.5777087764	0.7016262932
0.5777087764	0.7360679898
0.5777087764	0.7705096864
0.5777087764	0.7917960134
0.5777087764	0.82623771
0.5777087764	0.847524037
0.5777087764	0.8819662594
0.5777087764	0.916407956
0.5777087764	0.937694283
0.5777087764	0.9721359796
0.5835920821	0.04508486868
0.5835920821	0.1909831383
0.5835920821	0.2811528585
0.5835920821	0.3368808821
0.5835920821	0.4270511281
0.5835920821	0.5729488719
0.5835920821	0.6631191179
0.5835920821	0.7188471415
0.5835920821	0.8090168617
0.5835920821	0.9549151313
0.5872283111	0.09016999167
0.5872283111	0.1458980153
0.5872283111	0.2360677355
0.5872283111	0.3819660051
0.5872283111	0.4721357253
0.5872283111	0.5278642747
0.5872283111	0.6180339949
0.5872283111	0.7639322645
0.5872283111	0.8541019847
0.5872283111	0.9098300083
0.5872283111	1.000000254
0.5931116168	0.01722111974
0.5931116168	0.03850692101
0.5931116168	0.07294914336
0.5931116168	0.10739084
0.5931116168	0.128677167
0.5931116168	0.1631188636
0.5931116168	0.2188468872
0.5931116168	0.2532891096
0.5931116168	0.2745749108
0.5931116168	0.3090171332
0.5931116168	0.3434588298
0.5931116168	0.3647451568
0.5931116168	0.3991868534
0.5931116168	0.4204731804
0.5931116168	0.454914877
0.5931116168	0.4893570994
0.5931116168	0.5106429006
0.5931116168	0.545085123
0.5931116168	0.5795268196
0.5931116168	0.6008131466
0.5931116168	0.6352548432
0.5931116168	0.6565411702
0.5931116168	0.6909828668
0.5931116168	0.7254250892
0.5931116168	0.7467108904
0.5931116168	0.7811531128
0.5931116168	0.8368811364
0.5931116168	0.871322833
0.5931116168	0.89260916
0.5931116168	0.9270508566
0.5931116168	0.961493079
0.5931116168	0.9827788803
0.5989949225	0.05572829505
0.5989949225	0.09016999167
0.5989949225	0.1458980153
0.5989949225	0.1803397119
0.5989949225	0.2016260389
0.5989949225	0.2360677355
0.5989949225	0.2917962849
0.5989949225	0.3262379815
0.5989949225	0.3819660051
0.5989949225	0.4376940287
0.5989949225	0.4721357253
0.5989949225	0.5278642747
0.5989949225	0.5623059713
0.5989949225	0.6180339949
0.5989949225	0.6737620185
0.5989949225	0.7082037151
0.5989949225	0.7639322645
0.5989949225	0.7983739611
0.5989949225	0.8196602881
0.5989949225	0.8541019847
0.5989949225	0.9098300083
0.5989949225	0.944271705
0.5989949225	1.000000254
0.6085144572	0.02786402037
0.6085144572	0.1180337406
0.6085144572	0.17376229
0.6085144572	0.2082039866
0.6085144572	0.2639320102
0.6085144572	0.3541017304
0.6085144572	0.4098302798
0.6085144572	0.5
0.6085144572	0.5901697202
0.6085144572	0.6458982696
0.6085144572	0.7360679898
0.6085144572	0.7917960134
0.6085144572	0.82623771
0.6085144572	0.8819662594
0.6085144572	0.9721359796
0.6121506862	0.01722111974
0.6121506862	0.07294914336
0.6121506862	0.10739084
0.6121506862	0.128677167
0.6121506862	0.1631188636
0.6121506862	0.2188468872
0.6121506862	0.2532891096
0.6121506862	0.3090171332
0.6121506862	0.3647451568
0.6121506862	0.3991868534
0.6121506862	0.454914877
0.6121506862	0.4893570994
0.6121506862	0.5106429006
0.6121506862	0.545085123
0.6121506862	0.6008131466
0.6121506862	0.6352548432
0.6121506862	0.6909828668
0.6121506862	0.7467108904
0.6121506862	0.7811531128
0.6121506862	0.8368811364
0.6121506862	0.871322833
0.6121506862	0.89260916
0.6121506862	0.9270508566
0.6121506862	0.9827788803
0.6143977629	0.04508486868
0.6143977629	0.1909831383
0.6143977629	0.2811528585
0.6143977629	0.3368808821
0.6143977629	0.4270511281
0.6143977629	0.5729488719
0.6143977629	0.6631191179
0.6143977629	0.7188471415
0.6143977629	0.8090168617
0.6143977629	0.9549151313
0.6180339919	-0.0000002542986869
0.6180339919	0.05572829505
0.6180339919	0.09016999167
0.6180339919	0.1458980153
0.6180339919	0.2360677355
0.6180339919	0.2917962849
0.6180339919	0.3262379815
0.6180339919	0.3819660051
0.6180339919	0.4376940287
0.6180339919	0.4721357253
0.6180339919	0.5278642747
0.6180339919	0.5623059713
0.6180339919	0.6180339949
0.6180339919	0.6737620185
0.6180339919	0.7082037151
0.6180339919	0.7639322645
0.6180339919	0.8541019847
0.6180339919	0.9098300083
0.6180339919	0.944271705
0.6275535265	0.02786402037
0.6275535265	0.06230571699
0.6275535265	0.08359204399
0.6275535265	0.1180337406
0.6275535265	0.17376229
0.6275535265	0.2082039866
0.6275535265	0.2639320102
0.6275535265	0.2983737068
0.6275535265	0.3196600338
0.6275535265	0.3541017304
0.6275535265	0.4098302798
0.6275535265	0.4442719764
0.6275535265	0.4655583034
0.6275535265	0.5
0.6275535265	0.5344416966
0.6275535265	0.5557280236
0.6275535265	0.5901697202
0.6275535265	0.6458982696
0.6275535265	0.6803399662
0.6275535265	0.7016262932
0.6275535265	0.7360679898
0.6275535265	0.7917960134
0.6275535265	0.82623771
0.6275535265	0.8819662594
0.6275535265	0.916407956
0.6275535265	0.937694283
0.6275535265	0.9721359796
0.6334368322	0.01064317207
0.6334368322	0.04508486868
0.6334368322	0.1008128923
0.6334368322	0.1352551146
0.6334368322	0.1565409159
0.6334368322	0.1909831383
0.6334368322	0.2254248349
0.6334368322	0.2467111619
0.6334368322	0.2811528585
0.6334368322	0.3368808821
0.6334368322	0.3713231045
0.6334368322	0.3926089057
0.6334368322	0.4270511281
0.6334368322	0.4827791517
0.6334368322	0.5172208483
0.6334368322	0.5729488719
0.6334368322	0.6073910943
0.6334368322	0.6286768955
0.6334368322	0.6631191179
0.6334368322	0.7188471415
0.6334368322	0.7532888381
0.6334368322	0.7745751651
0.6334368322	0.8090168617
0.6334368322	0.8434590841
0.6334368322	0.8647448854
0.6334368322	0.8991871077
0.6334368322	0.9549151313
0.6334368322	0.9893568279
0.6429563669	0.01722111974
0.6429563669	0.07294914336
0.6429563669	0.128677167
0.6429563669	0.1631188636
0.6429563669	0.2188468872
0.6429563669	0.2532891096
0.6429563669	0.3090171332
0.6429563669	0.3647451568
0.6429563669	0.3991868534
0.6429563669	0.454914877
0.6429563669	0.545085123
0.6429563669	0.6008131466
0.6429563669	0.6352548432
0.6429563669	0.6909828668
0.6429563669	0.7467108904
0.6429563669	0.7811531128
0.6429563669	0.8368811364
0.6429563669	0.871322833
0.6429563669	0.9270508566
0.6429563669	0.9827788803
0.6465925959	0.1180337406
0.6465925959	0.5
0.6465925959	0.8819662594
0.6488396726	-0.0000002542986869
0.6488396726	0.03444196805
0.6488396726	0.05572829505
0.6488396726	0.09016999167
0.6488396726	0.1458980153
0.6488396726	0.1803397119
0.6488396726	0.2016260389
0.6488396726	0.2360677355
0.6488396726	0.2705099579
0.6488396726	0.2917962849
0.6488396726	0.3262379815
0.6488396726	0.3475243085
0.6488396726	0.3819660051
0.6488396726	0.4164077017
0.6488396726	0.4376940287
0.6488396726	0.4721357253
0.6488396726	0.5278642747
0.6488396726	0.5623059713
0.6488396726	0.5835922983
0.6488396726	0.6180339949
0.6488396726	0.6524756915
0.6488396726	0.6737620185
0.6488396726	0.7082037151
0.6488396726	0.7294900421
0.6488396726	0.7639322645
0.6488396726	0.7983739611
0.6488396726	0.8196602881
0.6488396726	0.8541019847
0.6488396726	0.9098300083
0.6488396726	0.944271705
0.6488396726	0.965558032
0.6524759016	0.04508486868
0.6524759016	0.1008128923
0.6524759016	0.1909831383
0.6524759016	0.2811528585
0.6524759016	0.3368808821
0.6524759016	0.4270511281
0.6524759016	0.4827791517
0.6524759016	0.5172208483
0.6524759016	0.5729488719
0.6524759016	0.6631191179
0.6524759016	0.7188471415
0.6524759016	0.8090168617
0.6524759016	0.8991871077
0.6524759016	0.9549151313
0.6619954363	0.01722111974
0.6619954363	0.07294914336
0.6619954363	0.128677167
0.6619954363	0.1631188636
0.6619954363	0.2188468872
0.6619954363	0.2532891096
0.6619954363	0.3090171332
0.6619954363	0.3647451568
0.6619954363	0.3991868534
0.6619954363	0.454914877
0.6619954363	0.4893570994
0.6619954363	0.5106429006
0.6619954363	0.545085123
0.6619954363	0.6008131466
0.6619954363	0.6352548432
0.6619954363	0.6909828668
0.6619954363	0.7467108904
0.6619954363	0.7811531128
0.6619954363	0.8368811364
0.6619954363	0.871322833
0.6619954363	0.9270508566
0.6619954363	0.9827788803
0.667878742	-0.0000002542986869
0.667878742	0.03444196805
0.667878742	0.05572829505
0.667878742	0.09016999167
0.667878742	0.1114563187
0.667878742	0.1458980153
0.667878742	0.1803397119
0.667878742	0.2016260389
0.667878742	0.2360677355
0.667878742	0.2705099579
0.667878742	0.2917962849
0.667878742	0.3262379815
0.667878742	0.3475243085
0.667878742	0.3819660051
0.667878742	0.4164077017
0.667878742	0.4376940287
0.667878742	0.4721357253
0.667878742	0.5278642747
0.667878742	0.5623059713
0.667878742	0.5835922983
0.667878742	0.6180339949
0.667878742	0.6524756915
0.667878742	0.6737620185
0.667878742	0.7082037151
0.667878742	0.7294900421
0.667878742	0.7639322645
0.667878742	0.7983739611
0.667878742	0.8196602881
0.667878742	0.8541019847
0.667878742	0.8885436813
0.667878742	0.9098300083
0.667878742	0.944271705
0.667878742	0.965558032
0.6737620477	0.01722111974
0.6737620477	0.07294914336
0.6737620477	0.1631188636
0.6737620477	0.2188468872
0.6737620477	0.2532891096
0.6737620477	0.3090171332
0.6737620477	0.3647451568
0.6737620477	0.3991868534
0.6737620477	0.454914877
0.6737620477	0.545085123
0.6737620477	0.6008131466
0.6737620477	0.6352548432
0.6737620477	0.6909828668
0.6737620477	0.7467108904
0.6737620477	0.7811531128
0.6737620477	0.8368811364
0.6737620477	0.9270508566
0.6737620477	0.9827788803
0.6773982766	0.1180337406
0.6773982766	0.5
0.6773982766	0.8819662594
0.6832815823	0.01064317207
0.6832815823	0.04508486868
0.6832815823	0.1008128923
0.6832815823	0.1352551146
0.6832815823	0.1565409159
0.6832815823	0.1909831383
0.6832815823	0.2254248349
0.6832815823	0.2467111619
0.6832815823	0.2811528585
0.6832815823	0.3368808821
0.6832815823	0.3713231045
0.6832815823	0.3926089057
0.6832815823	0.4270511281
0.6832815823	0.4614928247
0.6832815823	0.4827791517
0.6832815823	0.5172208483
0.6832815823	0.5385071753
0.6832815823	0.5729488719
0.6832815823	0.6073910943
0.6832815823	0.6286768955
0.6832815823	0.6631191179
0.6832815823	0.7188471415
0.6832815823	0.7532888381
0.6832815823	0.7745751651
0.6832815823	0.8090168617
0.6832815823	0.8434590841
0.6832815823	0.8647448854
0.6832815823	0.8991871077
0.6832815823	0.9549151313
0.6832815823	0.9893568279
0.689164888	0.02786402037
0.689164888	0.06230571699
0.689164888	0.08359204399
0.689164888	0.1180337406
0.689164888	0.17376229
0.689164888	0.2082039866
0.689164888	0.2639320102
0.689164888	0.2983737068
0.689164888	0.3196600338
0.689164888	0.3541017304
0.689164888	0.4098302798
0.689164888	0.4442719764
0.689164888	0.5
0.689164888	0.5557280236
0.689164888	0.5901697202
0.689164888	0.6458982696
0.689164888	0.6803399662
0.689164888	0.7016262932
0.689164888	0.7360679898
0.689164888	0.7917960134
0.689164888	0.82623771
0.689164888	0.8819662594
0.689164888	0.916407956
0.689164888	0.937694283
0.689164888	0.9721359796
0.6986844227	-0.0000002542986869
0.6986844227	0.05572829505
0.6986844227	0.09016999167
0.6986844227	0.1458980153
0.6986844227	0.2360677355
0.6986844227	0.2917962849
0.6986844227	0.3262379815
0.6986844227	0.3819660051
0.6986844227	0.4721357253
0.6986844227	0.5278642747
0.6986844227	0.6180339949
0.6986844227	0.6737620185
0.6986844227	0.7082037151
0.6986844227	0.7639322645
0.6986844227	0.8541019847
0.6986844227	0.9098300083
0.6986844227	0.944271705
0.7023206517	0.04508486868
0.7023206517	0.1008128923
0.7023206517	0.1352551146
0.7023206517	0.1909831383
0.7023206517	0.2811528585
0.7023206517	0.3368808821
0.7023206517	0.4270511281
0.7023206517	0.4827791517
0.7023206517	0.5172208483
0.7023206517	0.5729488719
0.7023206517	0.6631191179
0.7023206517	0.7188471415
0.7023206517	0.8090168617
0.7023206517	0.8647448854
0.7023206517	0.8991871077
0.7023206517	0.9549151313
0.7045677284	0.01722111974
0.7045677284	0.07294914336
0.7045677284	0.1631188636
0.7045677284	0.2188468872
0.7045677284	0.2532891096
0.7045677284	0.3090171332
0.7045677284	0.3647451568
0.7045677284	0.3991868534
0.7045677284	0.454914877
0.7045677284	0.545085123
0.7045677284	0.6008131466
0.7045677284	0.6352548432
0.7045677284	0.6909828668
0.7045677284	0.7467108904
0.7045677284	0.7811531128
0.7045677284	0.8368811364
0.7045677284	0.9270508566
0.7045677284	0.9827788803
0.7082039574	0.02786402037
0.7082039574	0.1180337406
0.7082039574	0.17376229
0.7082039574	0.2082039866
0.7082039574	0.2639320102
0.7082039574	0.3541017304
0.7082039574	0.4098302798
0.7082039574	0.4442719764
0.7082039574	0.5
0.7082039574	0.5557280236
0.7082039574	0.5901697202
0.7082039574	0.6458982696
0.7082039574	0.7360679898
0.7082039574	0.7917960134
0.7082039574	0.82623771
0.7082039574	0.8819662594
0.7082039574	0.9721359796
0.717723492	-0.0000002542986869
0.717723492	0.05572829505
0.717723492	0.09016999167
0.717723492	0.1458980153
0.717723492	0.1803397119
0.717723492	0.2016260389
0.717723492	0.2360677355
0.717723492	0.2917962849
0.717723492	0.3262379815
0.717723492	0.3819660051
0.717723492	0.4164077017
0.717723492	0.4376940287
0.717723492	0.4721357253
0.717723492	0.5278642747
0.717723492	0.5623059713
0.717723492	0.5835922983
0.717723492	0.6180339949
0.717723492	0.6737620185
0.717723492	0.7082037151
0.717723492	0.7639322645
0.717723492	0.7983739611
0.717723492	0.8196602881
0.717723492	0.8541019847
0.717723492	0.9098300083
0.717723492	0.944271705
0.7236067977	0.01722111974
0.7236067977	0.03850692101
0.7236067977	0.07294914336
0.7236067977	0.10739084
0.7236067977	0.128677167
0.7236067977	0.1631188636
0.7236067977	0.2188468872
0.7236067977	0.2532891096
0.7236067977	0.2745749108
0.7236067977	0.3090171332
0.7236067977	0.3434588298
0.7236067977	0.3647451568
0.7236067977	0.3991868534
0.7236067977	0.454914877
0.7236067977	0.4893570994
0.7236067977	0.5106429006
0.7236067977	0.545085123
0.7236067977	0.6008131466
0.7236067977	0.6352548432
0.7236067977	0.6565411702
0.7236067977	0.6909828668
0.7236067977	0.7254250892
0.7236067977	0.7467108904
0.7236067977	0.7811531128
0.7236067977	0.8368811364
0.7236067977	0.871322833
0.7236067977	0.89260916
0.7236067977	0.9270508566
0.7236067977	0.961493079
0.7236067977	0.9827788803
0.7294901035	-0.0000002542986869
0.7294901035	0.2360677355
0.7294901035	0.3819660051
0.7294901035	0.6180339949
0.7294901035	0.7639322645
0.7331263324	0.04508486868
0.7331263324	0.1008128923
0.7331263324	0.1352551146
0.7331263324	0.1909831383
0.7331263324	0.2811528585
0.7331263324	0.3368808821
0.7331263324	0.4270511281
0.7331263324	0.4827791517
0.7331263324	0.5172208483
0.7331263324	0.5729488719
0.7331263324	0.6631191179
0.7331263324	0.7188471415
0.7331263324	0.8090168617
0.7331263324	0.8647448854
0.7331263324	0.8991871077
0.7331263324	0.9549151313
0.7390096381	0.02786402037
0.7390096381	0.06230571699
0.7390096381	0.08359204399
0.7390096381	0.1180337406
0.7390096381	0.152475963
0.7390096381	0.17376229
0.7390096381	0.2082039866
0.7390096381	0.2294903136
0.7390096381	0.2639320102
0.7390096381	0.2983737068
0.7390096381	0.3196600338
0.7390096381	0.3541017304
0.7390096381	0.3885439528
0.7390096381	0.4098302798
0.7390096381	0.4442719764
0.7390096381	0.4655583034
0.7390096381	0.5
0.7390096381	0.5344416966
0.7390096381	0.5557280236
0.7390096381	0.5901697202
0.7390096381	0.6114560472
0.7390096381	0.6458982696
0.7390096381	0.6803399662
0.7390096381	0.7016262932
0.7390096381	0.7360679898
0.7390096381	0.7705096864
0.7390096381	0.7917960134
0.7390096381	0.82623771
0.7390096381	0.847524037
0.7390096381	0.8819662594
0.7390096381	0.916407956
0.7390096381	0.937694283
0.7390096381	0.9721359796
0.7448929438	0.01064317207
0.7448929438	0.04508486868
0.7448929438	0.1008128923
0.7448929438	0.1352551146
0.7448929438	0.1909831383
0.7448929438	0.2467111619
0.7448929438	0.2811528585
0.7448929438	0.3368808821
0.7448929438	0.3713231045
0.7448929438	0.4270511281
0.7448929438	0.4827791517
0.7448929438	0.5172208483
0.7448929438	0.5729488719
0.7448929438	0.6286768955
0.7448929438	0.6631191179
0.7448929438	0.7188471415
0.7448929438	0.7532888381
0.7448929438	0.8090168617
0.7448929438	0.8647448854
0.7448929438	0.8991871077
0.7448929438	0.9549151313
0.7448929438	0.9893568279
0.7544124785	0.01722111974
0.7544124785	0.07294914336
0.7544124785	0.1631188636
0.7544124785	0.2188468872
0.7544124785	0.3090171332
0.7544124785	0.3991868534
0.7544124785	0.454914877
0.7544124785	0.545085123
0.7544124785	0.6008131466
0.7544124785	0.6909828668
0.7544124785	0.7811531128
0.7544124785	0.8368811364
0.7544124785	0.9270508566
0.7544124785	0.9827788803
0.7580487075	0.02786402037
0.7580487075	0.06230571699
0.7580487075	0.08359204399
0.7580487075	0.1180337406
0.7580487075	0.152475963
0.7580487075	0.17376229
0.7580487075	0.2082039866
0.7580487075	0.2639320102
0.7580487075	0.2983737068
0.7580487075	0.3196600338
0.7580487075	0.3541017304
0.7580487075	0.4098302798
0.7580487075	0.4442719764
0.7580487075	0.4655583034
0.7580487075	0.5
0.7580487075	0.5344416966
0.7580487075	0.5557280236
0.7580487075	0.5901697202
0.7580487075	0.6458982696
0.7580487075	0.6803399662
0.7580487075	0.7016262932
0.7580487075	0.7360679898
0.7580487075	0.7917960134
0.7580487075	0.82623771
0.7580487075	0.847524037
0.7580487075	0.8819662594
0.7580487075	0.916407956
0.7580487075	0.937694283
0.7580487075	0.9721359796
0.7602957842	-0.0000002542986869
0.7602957842	0.2360677355
0.7602957842	0.3819660051
0.7602957842	0.6180339949
0.7602957842	0.7639322645
0.7639320132	0.04508486868
0.7639320132	0.1008128923
0.7639320132	0.1352551146
0.7639320132	0.1909831383
0.7639320132	0.2467111619
0.7639320132	0.2811528585
0.7639320132	0.3368808821
0.7639320132	0.3713231045
0.7639320132	0.4270511281
0.7639320132	0.4827791517
0.7639320132	0.5172208483
0.7639320132	0.5729488719
0.7639320132	0.6286768955
0.7639320132	0.6631191179
0.7639320132	0.7188471415
0.7639320132	0.7532888381
0.7639320132	0.8090168617
0.7639320132	0.8647448854
0.7639320132	0.8991871077
0.7639320132	0.9549151313
0.7734515478	0.01722111974
0.7734515478	0.07294914336
0.7734515478	0.10739084
0.7734515478	0.128677167
0.7734515478	0.1631188636
0.7734515478	0.2188468872
0.7734515478	0.2532891096
0.7734515478	0.2745749108
0.7734515478	0.3090171332
0.7734515478	0.3434588298
0.7734515478	0.3647451568
0.7734515478	0.3991868534
0.7734515478	0.454914877
0.7734515478	0.4893570994
0.7734515478	0.5106429006
0.7734515478	0.545085123
0.7734515478	0.6008131466
0.7734515478	0.6352548432
0.7734515478	0.6565411702
0.7734515478	0.6909828668
0.7734515478	0.7254250892
0.7734515478	0.7467108904
0.7734515478	0.7811531128
0.7734515478	0.8368811364
0.7734515478	0.871322833
0.7734515478	0.89260916
0.7734515478	0.9270508566
0.7734515478	0.9827788803
0.7793348535	-0.0000002542986869
0.7793348535	0.03444196805
0.7793348535	0.05572829505
0.7793348535	0.09016999167
0.7793348535	0.1458980153
0.7793348535	0.1803397119
0.7793348535	0.2016260389
0.7793348535	0.2360677355
0.7793348535	0.2917962849
0.7793348535	0.3262379815
0.7793348535	0.3819660051
0.7793348535	0.4164077017
0.7793348535	0.4376940287
0.7793348535	0.4721357253
0.7793348535	0.5278642747
0.7793348535	0.5623059713
0.7793348535	0.5835922983
0.7793348535	0.6180339949
0.7793348535	0.6737620185
0.7793348535	0.7082037151
0.7793348535	0.7639322645
0.7793348535	0.7983739611
0.7793348535	0.8196602881
0.7793348535	0.8541019847
0.7793348535	0.9098300083
0.7793348535	0.944271705
0.7793348535	0.965558032
0.7888543882	0.02786402037
0.7888543882	0.06230571699
0.7888543882	0.1180337406
0.7888543882	0.17376229
0.7888543882	0.2082039866
0.7888543882	0.2639320102
0.7888543882	0.3541017304
0.7888543882	0.4098302798
0.7888543882	0.4442719764
0.7888543882	0.5
0.7888543882	0.5557280236
0.7888543882	0.5901697202
0.7888543882	0.6458982696
0.7888543882	0.7360679898
0.7888543882	0.7917960134
0.7888543882	0.82623771
0.7888543882	0.8819662594
0.7888543882	0.937694283
0.7888543882	0.9721359796
0.7924906172	0.07294914336
0.7924906172	0.1631188636
0.7924906172	0.3090171332
0.7924906172	0.454914877
0.7924906172	0.545085123
0.7924906172	0.6909828668
0.7924906172	0.8368811364
0.7924906172	0.9270508566
0.7947376939	0.01064317207
0.7947376939	0.04508486868
0.7947376939	0.1008128923
0.7947376939	0.1352551146
0.7947376939	0.1909831383
0.7947376939	0.2254248349
0.7947376939	0.2467111619
0.7947376939	0.2811528585
0.7947376939	0.3368808821
0.7947376939	0.3713231045
0.7947376939	0.3926089057
0.7947376939	0.4270511281
0.7947376939	0.4827791517
0.7947376939	0.5172208483
0.7947376939	0.5729488719
0.7947376939	0.6073910943
0.7947376939	0.6286768955
0.7947376939	0.6631191179
0.7947376939	0.7188471415
0.7947376939	0.7532888381
0.7947376939	0.7745751651
0.7947376939	0.8090168617
0.7947376939	0.8647448854
0.7947376939	0.8991871077
0.7947376939	0.9549151313
0.7947376939	0.9893568279
0.7983739229	-0.0000002542986869
0.7983739229	0.09016999167
0.7983739229	0.1458980153
0.7983739229	0.2360677355
0.7983739229	0.2917962849
0.7983739229	0.3262379815
0.7983739229	0.3819660051
0.7983739229	0.4721357253
0.7983739229	0.5278642747
0.7983739229	0.6180339949
0.7983739229	0.6737620185
0.7983739229	0.7082037151
0.7983739229	0.7639322645
0.7983739229	0.8541019847
0.7983739229	0.9098300083
0.8078934576	0.02786402037
0.8078934576	0.06230571699
0.8078934576	0.1180337406
0.8078934576	0.17376229
0.8078934576	0.2082039866
0.8078934576	0.2639320102
0.8078934576	0.2983737068
0.8078934576	0.3196600338
0.8078934576	0.3541017304
0.8078934576	0.4098302798
0.8078934576	0.4442719764
0.8078934576	0.5
0.8078934576	0.5557280236
0.8078934576	0.5901697202
0.8078934576	0.6458982696
0.8078934576	0.6803399662
0.8078934576	0.7016262932
0.8078934576	0.7360679898
0.8078934576	0.7917960134
0.8078934576	0.82623771
0.8078934576	0.8819662594
0.8078934576	0.937694283
0.8078934576	0.9721359796
0.8137767633	0.01064317207
0.8137767633	0.04508486868
0.8137767633	0.0795265653
0.8137767633	0.1008128923
0.8137767633	0.1352551146
0.8137767633	0.1565409159
0.8137767633	0.1909831383
0.8137767633	0.2254248349
0.8137767633	0.2467111619
0.8137767633	0.2811528585
0.8137767633	0.3368808821
0.8137767633	0.3713231045
0.8137767633	0.3926089057
0.8137767633	0.4270511281
0.8137767633	0.4614928247
0.8137767633	0.4827791517
0.8137767633	0.5172208483
0.8137767633	0.5385071753
0.8137767633	0.5729488719
0.8137767633	0.6073910943
0.8137767633	0.6286768955
0.8137767633	0.6631191179
0.8137767633	0.7188471415
0.8137767633	0.7532888381
0.8137767633	0.7745751651
0.8137767633	0.8090168617
0.8137767633	0.8434590841
0.8137767633	0.8647448854
0.8137767633	0.8991871077
0.8137767633	0.9204734347
0.8137767633	0.9549151313
0.8137767633	0.9893568279
0.819660069	0.02786402037
0.819660069	0.1180337406
0.819660069	0.2082039866
0.819660069	0.2639320102
0.819660069	0.3541017304
0.819660069	0.4098302798
0.819660069	0.5
0.819660069	0.5901697202
0.819660069	0.6458982696
0.819660069	0.7360679898
0.819660069	0.7917960134
0.819660069	0.8819662594
0.819660069	0.9721359796
0.8232962979	0.07294914336
0.8232962979	0.1631188636
0.8232962979	0.3090171332
0.8232962979	0.454914877
0.8232962979	0.545085123
0.8232962979	0.6909828668
0.8232962979	0.8368811364
0.8232962979	0.9270508566
0.8291796036	-0.0000002542986869
0.8291796036	0.03444196805
0.8291796036	0.05572829505
0.8291796036	0.09016999167
0.8291796036	0.1458980153
0.8291796036	0.1803397119
0.8291796036	0.2016260389
0.8291796036	0.2360677355
0.8291796036	0.2705099579
0.8291796036	0.2917962849
0.8291796036	0.3262379815
0.8291796036	0.3475243085
0.8291796036	0.3819660051
0.8291796036	0.4164077017
0.8291796036	0.4376940287
0.8291796036	0.4721357253
0.8291796036	0.5278642747
0.8291796036	0.5623059713
0.8291796036	0.5835922983
0.8291796036	0.6180339949
0.8291796036	0.6524756915
0.8291796036	0.6737620185
0.8291796036	0.7082037151
0.8291796036	0.7294900421
0.8291796036	0.7639322645
0.8291796036	0.7983739611
0.8291796036	0.8196602881
0.8291796036	0.8541019847
0.8291796036	0.9098300083
0.8291796036	0.944271705
0.8291796036	0.965558032
0.8350629093	0.01722111974
0.8350629093	0.07294914336
0.8350629093	0.10739084
0.8350629093	0.128677167
0.8350629093	0.1631188636
0.8350629093	0.2188468872
0.8350629093	0.2532891096
0.8350629093	0.3090171332
0.8350629093	0.3647451568
0.8350629093	0.3991868534
0.8350629093	0.454914877
0.8350629093	0.4893570994
0.8350629093	0.5106429006
0.8350629093	0.545085123
0.8350629093	0.6008131466
0.8350629093	0.6352548432
0.8350629093	0.6909828668
0.8350629093	0.7467108904
0.8350629093	0.7811531128
0.8350629093	0.8368811364
0.8350629093	0.871322833
0.8350629093	0.89260916
0.8350629093	0.9270508566
0.8350629093	0.9827788803
0.844582444	0.04508486868
0.844582444	0.1008128923
0.844582444	0.1352551146
0.844582444	0.1909831383
0.844582444	0.2811528585
0.844582444	0.3368808821
0.844582444	0.4270511281
0.844582444	0.4827791517
0.844582444	0.5172208483
0.844582444	0.5729488719
0.844582444	0.6631191179
0.844582444	0.7188471415
0.844582444	0.8090168617
0.844582444	0.8647448854
0.844582444	0.8991871077
0.844582444	0.9549151313
0.848218673	-0.0000002542986869
0.848218673	0.05572829505
0.848218673	0.09016999167
0.848218673	0.1458980153
0.848218673	0.1803397119
0.848218673	0.2360677355
0.848218673	0.2917962849
0.848218673	0.3262379815
0.848218673	0.3819660051
0.848218673	0.4376940287
0.848218673	0.4721357253
0.848218673	0.5278642747
0.848218673	0.5623059713
0.848218673	0.6180339949
0.848218673	0.6737620185
0.848218673	0.7082037151
0.848218673	0.7639322645
0.848218673	0.8196602881
0.848218673	0.8541019847
0.848218673	0.9098300083
0.848218673	0.944271705
0.8504657497	0.02786402037
0.8504657497	0.1180337406
0.8504657497	0.2082039866
0.8504657497	0.2639320102
0.8504657497	0.3541017304
0.8504657497	0.4098302798
0.8504657497	0.5
0.8504657497	0.5901697202
0.8504657497	0.6458982696
0.8504657497	0.7360679898
0.8504657497	0.7917960134
0.8504657497	0.8819662594
0.8504657497	0.9721359796
0.8541019787	0.01722111974
0.8541019787	0.07294914336
0.8541019787	0.1631188636
0.8541019787	0.2188468872
0.8541019787	0.2532891096
0.8541019787	0.3090171332
0.8541019787	0.3647451568
0.8541019787	0.3991868534
0.8541019787	0.454914877
0.8541019787	0.545085123
0.8541019787	0.6008131466
0.8541019787	0.6352548432
0.8541019787	0.6909828668
0.8541019787	0.7467108904
0.8541019787	0.7811531128
0.8541019787	0.8368811364
0.8541019787	0.9270508566
0.8541019787	0.9827788803
0.8636215134	0.01064317207
0.8636215134	0.04508486868
0.8636215134	0.1008128923
0.8636215134	0.1352551146
0.8636215134	0.1909831383
0.8636215134	0.2254248349
0.8636215134	0.2467111619
0.8636215134	0.2811528585
0.8636215134	0.3368808821
0.8636215134	0.3713231045
0.8636215134	0.3926089057
0.8636215134	0.4270511281
0.8636215134	0.4827791517
0.8636215134	0.5172208483
0.8636215134	0.5729488719
0.8636215134	0.6073910943
0.8636215134	0.6286768955
0.8636215134	0.6631191179
0.8636215134	0.7188471415
0.8636215134	0.7532888381
0.8636215134	0.7745751651
0.8636215134	0.8090168617
0.8636215134	0.8647448854
0.8636215134	0.8991871077
0.8636215134	0.9549151313
0.8636215134	0.9893568279
0.8695048191	0.02786402037
0.8695048191	0.06230571699
0.8695048191	0.08359204399
0.8695048191	0.1180337406
0.8695048191	0.152475963
0.8695048191	0.17376229
0.8695048191	0.2082039866
0.8695048191	0.2639320102
0.8695048191	0.2983737068
0.8695048191	0.3196600338
0.8695048191	0.3541017304
0.8695048191	0.4098302798
0.8695048191	0.4442719764
0.8695048191	0.4655583034
0.8695048191	0.5
0.8695048191	0.5344416966
0.8695048191	0.5557280236
0.8695048191	0.5901697202
0.8695048191	0.6458982696
0.8695048191	0.6803399662
0.8695048191	0.7016262932
0.8695048191	0.7360679898
0.8695048191	0.7917960134
0.8695048191	0.82623771
0.8695048191	0.847524037
0.8695048191	0.8819662594
0.8695048191	0.916407956
0.8695048191	0.937694283
0.8695048191	0.9721359796
0.8790243537	-0.0000002542986869
0.8790243537	0.05572829505
0.8790243537	0.09016999167
0.8790243537	0.1458980153
0.8790243537	0.1803397119
0.8790243537	0.2360677355
0.8790243537	0.2917962849
0.8790243537	0.3262379815
0.8790243537	0.3819660051
0.8790243537	0.4376940287
0.8790243537	0.4721357253
0.8790243537	0.5278642747
0.8790243537	0.5623059713
0.8790243537	0.6180339949
0.8790243537	0.6737620185
0.8790243537	0.7082037151
0.8790243537	0.7639322645
0.8790243537	0.8196602881
0.8790243537	0.8541019847
0.8790243537	0.9098300083
0.8790243537	0.944271705
0.8849076594	0.01722111974
0.8849076594	0.03850692101
0.8849076594	0.07294914336
0.8849076594	0.10739084
0.8849076594	0.128677167
0.8849076594	0.1631188636
0.8849076594	0.1975605602
0.8849076594	0.2188468872
0.8849076594	0.2532891096
0.8849076594	0.2745749108
0.8849076594	0.3090171332
0.8849076594	0.3434588298
0.8849076594	0.3647451568
0.8849076594	0.3991868534
0.8849076594	0.4204731804
0.8849076594	0.454914877
0.8849076594	0.4893570994
0.8849076594	0.5106429006
0.8849076594	0.545085123
0.8849076594	0.5795268196
0.8849076594	0.6008131466
0.8849076594	0.6352548432
0.8849076594	0.6565411702
0.8849076594	0.6909828668
0.8849076594	0.7254250892
0.8849076594	0.7467108904
0.8849076594	0.7811531128
0.8849076594	0.8024394398
0.8849076594	0.8368811364
0.8849076594	0.871322833
0.8849076594	0.89260916
0.8849076594	0.9270508566
0.8849076594	0.961493079
0.8849076594	0.9827788803
0.8907909651	-0.0000002542986869
0.8907909651	0.05572829505
0.8907909651	0.09016999167
0.8907909651	0.1458980153
0.8907909651	0.1803397119
0.8907909651	0.2360677355
0.8907909651	0.2917962849
0.8907909651	0.3262379815
0.8907909651	0.3819660051
0.8907909651	0.4376940287
0.8907909651	0.4721357253
0.8907909651	0.5278642747
0.8907909651	0.5623059713
0.8907909651	0.6180339949
0.8907909651	0.6737620185
0.8907909651	0.7082037151
0.8907909651	0.7639322645
0.8907909651	0.8196602881
0.8907909651	0.8541019847
0.8907909651	0.9098300083
0.8907909651	0.944271705
0.9003104998	0.02786402037
0.9003104998	0.1180337406
0.9003104998	0.2082039866
0.9003104998	0.2639320102
0.9003104998	0.3541017304
0.9003104998	0.4098302798
0.9003104998	0.5
0.9003104998	0.5901697202
0.9003104998	0.6458982696
0.9003104998	0.7360679898
0.9003104998	0.7917960134
0.9003104998	0.8819662594
0.9003104998	0.9721359796
0.9039467288	0.01722111974
0.9039467288	0.03850692101
0.9039467288	0.07294914336
0.9039467288	0.10739084
0.9039467288	0.128677167
0.9039467288	0.1631188636
0.9039467288	0.1975605602
0.9039467288	0.2188468872
0.9039467288	0.2532891096
0.9039467288	0.2745749108
0.9039467288	0.3090171332
0.9039467288	0.3434588298
0.9039467288	0.3647451568
0.9039467288	0.3991868534
0.9039467288	0.4204731804
0.9039467288	0.454914877
0.9039467288	0.4893570994
0.9039467288	0.5106429006
0.9039467288	0.545085123
0.9039467288	0.5795268196
0.9039467288	0.6008131466
0.9039467288	0.6352548432
0.9039467288	0.6565411702
0.9039467288	0.6909828668
0.9039467288	0.7254250892
0.9039467288	0.7467108904
0.9039467288	0.7811531128
0.9039467288	0.8024394398
0.9039467288	0.8368811364
0.9039467288	0.871322833
0.9039467288	0.89260916
0.9039467288	0.9270508566
0.9039467288	0.961493079
0.9039467288	0.9827788803
0.9098300345	-0.0000002542986869
0.9098300345	0.05572829505
0.9098300345	0.09016999167
0.9098300345	0.1458980153
0.9098300345	0.1803397119
0.9098300345	0.2360677355
0.9098300345	0.2917962849
0.9098300345	0.3262379815
0.9098300345	0.3819660051
0.9098300345	0.4376940287
0.9098300345	0.4721357253
0.9098300345	0.5278642747
0.9098300345	0.5623059713
0.9098300345	0.6180339949
0.9098300345	0.6737620185
0.9098300345	0.7082037151
0.9098300345	0.7639322645
0.9098300345	0.8196602881
0.9098300345	0.8541019847
0.9098300345	0.9098300083
0.9098300345	0.944271705
0.9193495692	0.02786402037
0.9193495692	0.06230571699
0.9193495692	0.08359204399
0.9193495692	0.1180337406
0.9193495692	0.152475963
0.9193495692	0.17376229
0.9193495692	0.2082039866
0.9193495692	0.2639320102
0.9193495692	0.2983737068
0.9193495692	0.3196600338
0.9193495692	0.3541017304
0.9193495692	0.4098302798
0.9193495692	0.4442719764
0.9193495692	0.4655583034
0.9193495692	0.5
0.9193495692	0.5344416966
0.9193495692	0.5557280236
0.9193495692	0.5901697202
0.9193495692	0.6458982696
0.9193495692	0.6803399662
0.9193495692	0.7016262932
0.9193495692	0.7360679898
0.9193495692	0.7917960134
0.9193495692	0.82623771
0.9193495692	0.847524037
0.9193495692	0.8819662594
0.9193495692	0.916407956
0.9193495692	0.937694283
0.9193495692	0.9721359796
0.9252328749	0.01064317207
0.9252328749	0.04508486868
0.9252328749	0.1008128923
0.9252328749	0.1352551146
0.9252328749	0.1909831383
0.9252328749	0.2254248349
0.9252328749	0.2467111619
0.9252328749	0.2811528585
0.9252328749	0.3368808821
0.9252328749	0.3713231045
0.9252328749	0.3926089057
0.9252328749	0.4270511281
0.9252328749	0.4827791517
0.9252328749	0.5172208483
0.9252328749	0.5729488719
0.9252328749	0.6073910943
0.9252328749	0.6286768955
0.9252328749	0.6631191179
0.9252328749	0.7188471415
0.9252328749	0.7532888381
0.9252328749	0.7745751651
0.9252328749	0.8090168617
0.9252328749	0.8647448854
0.9252328749	0.8991871077
0.9252328749	0.9549151313
0.9252328749	0.9893568279
0.9347524095	0.01722111974
0.9347524095	0.07294914336
0.9347524095	0.1631188636
0.9347524095	0.2188468872
0.9347524095	0.2532891096
0.9347524095	0.3090171332
0.9347524095	0.3647451568
0.9347524095	0.3991868534
0.9347524095	0.454914877
0.9347524095	0.545085123
0.9347524095	0.6008131466
0.9347524095	0.6352548432
0.9347524095	0.6909828668
0.9347524095	0.7467108904
0.9347524095	0.7811531128
0.9347524095	0.8368811364
0.9347524095	0.9270508566
0.9347524095	0.9827788803
0.9383886385	0.02786402037
0.9383886385	0.1180337406
0.9383886385	0.2082039866
0.9383886385	0.2639320102
0.9383886385	0.3541017304
0.9383886385	0.4098302798
0.9383886385	0.5
0.9383886385	0.5901697202
0.9383886385	0.6458982696
0.9383886385	0.7360679898
0.9383886385	0.7917960134
0.9383886385	0.8819662594
0.9383886385	0.9721359796
0.9406357152	-0.0000002542986869
0.9406357152	0.05572829505
0.9406357152	0.09016999167
0.9406357152	0.1458980153
0.9406357152	0.1803397119
0.9406357152	0.2360677355
0.9406357152	0.2917962849
0.9406357152	0.3262379815
0.9406357152	0.3819660051
0.9406357152	0.4376940287
0.9406357152	0.4721357253
0.9406357152	0.5278642747
0.9406357152	0.5623059713
0.9406357152	0.6180339949
0.9406357152	0.6737620185
0.9406357152	0.7082037151
0.9406357152	0.7639322645
0.9406357152	0.8196602881
0.9406357152	0.8541019847
0.9406357152	0.9098300083
0.9406357152	0.944271705
0.9442719442	0.04508486868
0.9442719442	0.1008128923
0.9442719442	0.1352551146
0.9442719442	0.1909831383
0.9442719442	0.2811528585
0.9442719442	0.3368808821
0.9442719442	0.4270511281
0.9442719442	0.4827791517
0.9442719442	0.5172208483
0.9442719442	0.5729488719
0.9442719442	0.6631191179
0.9442719442	0.7188471415
0.9442719442	0.8090168617
0.9442719442	0.8647448854
0.9442719442	0.8991871077
0.9442719442	0.9549151313
0.9537914789	0.01722111974
0.9537914789	0.07294914336
0.9537914789	0.10739084
0.9537914789	0.128677167
0.9537914789	0.1631188636
0.9537914789	0.2188468872
0.9537914789	0.2532891096
0.9537914789	0.3090171332
0.9537914789	0.3647451568
0.9537914789	0.3991868534
0.9537914789	0.454914877
0.9537914789	0.4893570994
0.9537914789	0.5106429006
0.9537914789	0.545085123
0.9537914789	0.6008131466
0.9537914789	0.6352548432
0.9537914789	0.6909828668
0.9537914789	0.7467108904
0.9537914789	0.7811531128
0.9537914789	0.8368811364
0.9537914789	0.871322833
0.9537914789	0.89260916
0.9537914789	0.9270508566
0.9537914789	0.9827788803
0.9596747846	-0.0000002542986869
0.9596747846	0.03444196805
0.9596747846	0.05572829505
0.9596747846	0.09016999167
0.9596747846	0.1458980153
0.9596747846	0.1803397119
0.9596747846	0.2016260389
0.9596747846	0.2360677355
0.9596747846	0.2705099579
0.9596747846	0.2917962849
0.9596747846	0.3262379815
0.9596747846	0.3475243085
0.9596747846	0.3819660051
0.9596747846	0.4164077017
0.9596747846	0.4376940287
0.9596747846	0.4721357253
0.9596747846	0.5278642747
0.9596747846	0.5623059713
0.9596747846	0.5835922983
0.9596747846	0.6180339949
0.9596747846	0.6524756915
0.9596747846	0.6737620185
0.9596747846	0.7082037151
0.9596747846	0.7294900421
0.9596747846	0.7639322645
0.9596747846	0.7983739611
0.9596747846	0.8196602881
0.9596747846	0.8541019847
0.9596747846	0.9098300083
0.9596747846	0.944271705
0.9596747846	0.965558032
0.9655580903	0.07294914336
0.9655580903	0.1631188636
0.9655580903	0.3090171332
0.9655580903	0.454914877
0.9655580903	0.545085123
0.9655580903	0.6909828668
0.9655580903	0.8368811364
0.9655580903	0.9270508566
0.9691943193	0.02786402037
0.9691943193	0.1180337406
0.9691943193	0.2082039866
0.9691943193	0.2639320102
0.9691943193	0.3541017304
0.9691943193	0.4098302798
0.9691943193	0.5
0.9691943193	0.5901697202
0.9691943193	0.6458982696
0.9691943193	0.7360679898
0.9691943193	0.7917960134
0.9691943193	0.8819662594
0.9691943193	0.9721359796
0.975077625	0.01064317207
0.975077625	0.04508486868
0.975077625	0.0795265653
0.975077625	0.1008128923
0.975077625	0.1352551146
0.975077625	0.1565409159
0.975077625	0.1909831383
0.975077625	0.2254248349
0.975077625	0.2467111619
0.975077625	0.2811528585
0.975077625	0.3368808821
0.975077625	0.3713231045
0.975077625	0.3926089057
0.975077625	0.4270511281
0.975077625	0.4614928247
0.975077625	0.4827791517
0.975077625	0.5172208483
0.975077625	0.5385071753
0.975077625	0.5729488719
0.975077625	0.6073910943
0.975077625	0.6286768955
0.975077625	0.6631191179
0.975077625	0.7188471415
0.975077625	0.7532888381
0.975077625	0.7745751651
0.975077625	0.8090168617
0.975077625	0.8434590841
0.975077625	0.8647448854
0.975077625	0.8991871077
0.975077625	0.9204734347
0.975077625	0.9549151313
0.975077625	0.9893568279
0.9809609307	0.02786402037
0.9809609307	0.06230571699
0.9809609307	0.1180337406
0.9809609307	0.17376229
0.9809609307	0.2082039866
0.9809609307	0.2639320102
0.9809609307	0.2983737068
0.9809609307	0.3196600338
0.9809609307	0.3541017304
0.9809609307	0.4098302798
0.9809609307	0.4442719764
0.9809609307	0.5
0.9809609307	0.5557280236
0.9809609307	0.5901697202
0.9809609307	0.6458982696
0.9809609307	0.6803399662
0.9809609307	0.7016262932
0.9809609307	0.7360679898
0.9809609307	0.7917960134
0.9809609307	0.82623771
0.9809609307	0.8819662594
0.9809609307	0.937694283
0.9809609307	0.9721359796
0.9904804653	-0.0000002542986869
0.9904804653	0.09016999167
0.9904804653	0.1458980153
0.9904804653	0.2360677355
0.9904804653	0.2917962849
0.9904804653	0.3262379815
0.9904804653	0.3819660051
0.9904804653	0.4721357253
0.9904804653	0.5278642747
0.9904804653	0.6180339949
0.9904804653	0.6737620185
0.9904804653	0.7082037151
0.9904804653	0.7639322645
0.9904804653	0.8541019847
0.9904804653	0.9098300083
0.9941166943	0.01064317207
0.9941166943	0.04508486868
0.9941166943	0.1008128923
0.9941166943	0.1352551146
0.9941166943	0.1909831383
0.9941166943	0.2254248349
0.9941166943	0.2467111619
0.9941166943	0.2811528585
0.9941166943	0.3368808821
0.9941166943	0.3713231045
0.9941166943	0.3926089057
0.9941166943	0.4270511281
0.9941166943	0.4827791517
0.9941166943	0.5172208483
0.9941166943	0.5729488719
0.9941166943	0.6073910943
0.9941166943	0.6286768955
0.9941166943	0.6631191179
0.9941166943	0.7188471415
0.9941166943	0.7532888381
0.9941166943	0.7745751651
0.9941166943	0.8090168617
0.9941166943	0.8647448854
0.9941166943	0.8991871077
0.9941166943	0.9549151313
0.9941166943	0.9893568279
0.996363771	0.07294914336
0.996363771	0.1631188636
0.996363771	0.3090171332
0.996363771	0.454914877
0.996363771	0.545085123
0.996363771	0.6909828668
0.996363771	0.8368811364
0.996363771	0.9270508566
1	0.02786402037
1	0.06230571699
1	0.1180337406
1	0.17376229
1	0.2082039866
1	0.2639320102
1	0.3541017304
1	0.4098302798
1	0.4442719764
1	0.5557280236
1	0.5901697202
1	0.6458982696
1	0.7360679898
1	0.7917960134
1	0.82623771
1	0.8819662594
1	0.937694283
1	0.9721359796
1.009519535	-0.0000002542986869
1.009519535	0.03444196805
1.009519535	0.05572829505
1.009519535	0.09016999167
1.009519535	0.1458980153
1.009519535	0.1803397119
1.009519535	0.2016260389
1.009519535	0.2360677355
1.009519535	0.2917962849
1.009519535	0.3262379815
1.009519535	0.3819660051
1.009519535	0.4164077017
1.009519535	0.4376940287
1.009519535	0.5623059713
1.009519535	0.5835922983
1.009519535	0.6180339949
1.009519535	0.6737620185
1.009519535	0.7082037151
1.009519535	0.7639322645
1.009519535	0.7983739611
1.009519535	0.8196602881
1.009519535	0.8541019847
1.009519535	0.9098300083
1.009519535	0.944271705
1.009519535	0.965558032
1.01540284	0.01722111974
1.01540284	0.07294914336
1.01540284	0.10739084
1.01540284	0.128677167
1.01540284	0.1631188636
1.01540284	0.2188468872
1.01540284	0.2532891096
1.01540284	0.2745749108
1.01540284	0.3090171332
1.01540284	0.3434588298
1.01540284	0.3647451568
1.01540284	0.3991868534
1.01540284	0.6008131466
1.01540284	0.6352548432
1.01540284	0.6565411702
1.01540284	0.6909828668
1.01540284	0.7254250892
1.01540284	0.7467108904
1.01540284	0.7811531128
1.01540284	0.8368811364
1.01540284	0.871322833
1.01540284	0.89260916
1.01540284	0.9270508566
1.01540284	0.9827788803
1.024922375	0.04508486868
1.024922375	0.1008128923
1.024922375	0.1352551146
1.024922375	0.1909831383
1.024922375	0.2467111619
1.024922375	0.2811528585
1.024922375	0.3368808821
1.024922375	0.3713231045
1.024922375	0.6286768955
1.024922375	0.6631191179
1.024922375	0.7188471415
1.024922375	0.7532888381
1.024922375	0.8090168617
1.024922375	0.8647448854
1.024922375	0.8991871077
1.024922375	0.9549151313
1.028558604	-0.0000002542986869
1.028558604	0.2360677355
1.028558604	0.3819660051
1.028558604	0.6180339949
1.028558604	0.7639322645
1.030805681	0.02786402037
1.030805681	0.06230571699
1.030805681	0.08359204399
1.030805681	0.1180337406
1.030805681	0.152475963
1.030805681	0.17376229
1.030805681	0.2082039866
1.030805681	0.2639320102
1.030805681	0.2983737068
1.030805681	0.3196600338
1.030805681	0.3541017304
1.030805681	0.6458982696
1.030805681	0.6803399662
1.030805681	0.7016262932
1.030805681	0.7360679898
1.030805681	0.7917960134
1.030805681	0.82623771
1.030805681	0.847524037
1.030805681	0.8819662594
1.030805681	0.916407956
1.030805681	0.937694283
1.030805681	0.9721359796
1.03444191	0.01722111974
1.03444191	0.07294914336
1.03444191	0.1631188636
1.03444191	0.2188468872
1.03444191	0.3090171332
1.03444191	0.6909828668
1.03444191	0.7811531128
1.03444191	0.8368811364
1.03444191	0.9270508566
1.03444191	0.9827788803
1.043961444	0.01064317207
1.043961444	0.04508486868
1.043961444	0.1008128923
1.043961444	0.1352551146
1.043961444	0.1909831383
1.043961444	0.2467111619
1.043961444	0.2811528585
1.043961444	0.3368808821
1.043961444	0.6631191179
1.043961444	0.7188471415
1.043961444	0.7532888381
1.043961444	0.8090168617
1.043961444	0.8647448854
1.043961444	0.8991871077
1.043961444	0.9549151313
1.043961444	0.9893568279
1.04984475	0.02786402037
1.04984475	0.06230571699
1.04984475	0.08359204399
1.04984475	0.1180337406
1.04984475	0.152475963
1.04984475	0.17376229
1.04984475	0.2082039866
1.04984475	0.2294903136
1.04984475	0.2639320102
1.04984475	0.2983737068
1.04984475	0.3196600338
1.04984475	0.6803399662
1.04984475	0.7016262932
1.04984475	0.7360679898
1.04984475	0.7705096864
1.04984475	0.7917960134
1.04984475	0.82623771
1.04984475	0.847524037
1.04984475	0.8819662594
1.04984475	0.916407956
1.04984475	0.937694283
1.04984475	0.9721359796
1.055728056	0.04508486868
1.055728056	0.1008128923
1.055728056	0.1352551146
1.055728056	0.1909831383
1.055728056	0.2811528585
1.055728056	0.7188471415
1.055728056	0.8090168617
1.055728056	0.8647448854
1.055728056	0.8991871077
1.055728056	0.9549151313
1.059364285	-0.0000002542986869
1.059364285	0.2360677355
1.059364285	0.7639322645
1.06524759	0.01722111974
1.06524759	0.03850692101
1.06524759	0.07294914336
1.06524759	0.10739084
1.06524759	0.128677167
1.06524759	0.1631188636
1.06524759	0.2188468872
1.06524759	0.2532891096
1.06524759	0.2745749108
1.06524759	0.7254250892
1.06524759	0.7467108904
1.06524759	0.7811531128
1.06524759	0.8368811364
1.06524759	0.871322833
1.06524759	0.89260916
1.06524759	0.9270508566
1.06524759	0.961493079
1.06524759	0.9827788803
1.071130896	-0.0000002542986869
1.071130896	0.05572829505
1.071130896	0.09016999167
1.071130896	0.1458980153
1.071130896	0.1803397119
1.071130896	0.2016260389
1.071130896	0.2360677355
1.071130896	0.7639322645
1.071130896	0.7983739611
1.071130896	0.8196602881
1.071130896	0.8541019847
1.071130896	0.9098300083
1.071130896	0.944271705
1.080650431	0.02786402037
1.080650431	0.1180337406
1.080650431	0.17376229
1.080650431	0.2082039866
1.080650431	0.7917960134
1.080650431	0.82623771
1.080650431	0.8819662594
1.080650431	0.9721359796
1.08428666	0.01722111974
1.08428666	0.07294914336
1.08428666	0.1631188636
1.08428666	0.2188468872
1.08428666	0.7811531128
1.08428666	0.8368811364
1.08428666	0.9270508566
1.08428666	0.9827788803
1.086533737	0.04508486868
1.086533737	0.1008128923
1.086533737	0.1352551146
1.086533737	0.1909831383
1.086533737	0.8090168617
1.086533737	0.8647448854
1.086533737	0.8991871077
1.086533737	0.9549151313
1.090169966	-0.0000002542986869
1.090169966	0.05572829505
1.090169966	0.09016999167
1.090169966	0.1458980153
1.090169966	0.8541019847
1.090169966	0.9098300083
1.090169966	0.944271705
1.0996895	0.02786402037
1.0996895	0.06230571699
1.0996895	0.08359204399
1.0996895	0.1180337406
1.0996895	0.17376229
1.0996895	0.82623771
1.0996895	0.8819662594
1.0996895	0.916407956
1.0996895	0.937694283
1.0996895	0.9721359796
1.105572806	0.01064317207
1.105572806	0.04508486868
1.105572806	0.1008128923
1.105572806	0.1352551146
1.105572806	0.1565409159
1.105572806	0.8434590841
1.105572806	0.8647448854
1.105572806	0.8991871077
1.105572806	0.9549151313
1.105572806	0.9893568279
1.111456112	0.1180337406
1.111456112	0.8819662594
1.115092341	0.01722111974
1.115092341	0.07294914336
1.115092341	0.9270508566
1.115092341	0.9827788803
1.120975646	-0.0000002542986869
1.120975646	0.03444196805
1.120975646	0.05572829505
1.120975646	0.09016999167
1.120975646	0.1114563187
1.120975646	0.8885436813
1.120975646	0.9098300083
1.120975646	0.944271705
1.120975646	0.965558032
1.126858952	0.01722111974
1.126858952	0.07294914336
1.126858952	0.9270508566
1.126858952	0.9827788803
1.136378487	0.04508486868
1.136378487	0.9549151313
1.140014716	-0.0000002542986869
1.140014716	0.03444196805
1.140014716	0.05572829505
1.140014716	0.944271705
1.140014716	0.965558032
1.145898021	0.01722111974
1.145898021	0.9827788803
1.155417556	0.01064317207
1.155417556	0.9893568279